,Chapter,Text
0,Chapter 1,"premier écueil fuyant l'année 1866 marquée événement bizarre phénomène inexpliqué inexplicable personne a sans doute oublié sans parler rumeurs agitaient populations ports surexcitaient l'esprit public l'intérieur continents gens mer particulièrement émus négociants armateurs capitaines navires skippers masters l'europe l'amérique officiers marines militaires tous pays après gouvernements divers états deux continents préoccupèrent fait plus haut point effet depuis quelque temps plusieurs navires s'étaient rencontrés mer « chose énorme » objet long fusiforme parfois phosphorescent infiniment plus vaste plus rapide qu'une baleine faits relatifs cette apparition consignés divers livres bord s'accordaient assez exactement structure l'objet l'être question vitesse inouïe mouvements puissance surprenante locomotion vie particulière dont semblait doué si c'était cétacé surpassait volume tous ceux science classés jusqu'alors ni cuvier ni lacépède ni m. dumeril ni m. quatrefages n'eussent admis l'existence d'un tel monstre —à moins l'avoir vu s'appelle vu leurs propres yeux savants a prendre moyenne observations faites diverses reprises —en rejetant évaluations timides assignaient cet objet longueur deux cents pieds repoussant opinions exagérées disaient large d'un mille long trois —on pouvait affirmer cependant cet être phénoménal dépassait beaucoup toutes dimensions admises jusqu jour ichthyologistes —s'il existait toutefois or existait fait lui-même n'était plus niable penchant pousse merveilleux cervelle humaine comprendra l'émotion produite monde entier cette surnaturelle apparition quant rejeter rang fables fallait renoncer effet 20 juillet 1866 steamer _governor-higginson_ _calcutta and burnach steam navigation company_ rencontré cette masse mouvante cinq milles l'est côtes l'australie capitaine baker crut tout d'abord présence d'un écueil inconnu disposait déterminer situation exacte quand deux colonnes d'eau projetées l'inexplicable objet s'élancèrent sifflant cent cinquante pieds l'air donc moins cet écueil soumis expansions intermittentes d'un geyser _governor-higginson_ affaire bel bien quelque mammifère aquatique inconnu jusque-là rejetait évents colonnes d'eau mélangées d'air vapeur pareil fait également observé 23 juillet année mers pacifique _cristobal-colon_ _west india and pacific steam navigation company_ donc cétacé extraordinaire pouvait transporter d'un endroit autre vélocité surprenante puisque trois jours d'intervalle _governor-higginson_ _cristobal-colon_ l'avaient observé deux points carte séparés distance plus sept cents lieues marines quinze jours plus tard deux mille lieues là l'_helvetia_ _compagnie nationale_ _shannon_ _royal-mail_ marchant contrebord cette portion l'atlantique comprise entre états-unis l'europe signalèrent respectivement monstre 42° 15′ latitude nord 60° 35′ longitude l'ouest méridien greenwich cette observation simultanée crut pouvoir évaluer longueur minimum mammifère plus trois cent cinquante pieds anglais 1 puisque _shannon_ l'_helvetia_ dimension inférieure bien qu'ils mesurassent cent mètres l'étrave l'étambot or plus vastes baleines celles fréquentent parages îles aléoutiennes kulammak l'umgullick n'ont jamais dépassé longueur cinquante-six mètres —si elles l'atteignent 1 environ 106 mètres pied anglais n'est 30,40 centimètres rapports arrivés coup coup nouvelles observations faites bord transatlantique _le pereire_ abordage entre _l'etna_ ligne inman monstre procès-verbal dressé officiers frégate française _la normandie_ très-sérieux relèvement obtenu l'état-major commodore fitz-james bord _lord-clyde_ émurent profondément l'opinion publique pays d'humeur légère plaisanta phénomène pays graves pratiques l'angleterre l'amérique l'allemagne s'en préoccupèrent vivement partout grands centres monstre devint mode chanta cafés bafoua journaux joua théâtres canards là belle occasion pondre œufs toute couleur vit réapparaître journaux—à court copie—tous êtres imaginaires gigantesques depuis baleine blanche terrible « moby dick » régions hyperboréennes jusqu'au kraken démesuré dont tentacules peuvent enlacer bâtiment cinq cents tonneaux l'entraîner abîmes l'océan reproduisit procès-verbaux temps anciens opinions d'aristote pline admettaient l'existence monstres puis récits norwégiens l'évêque pontoppidan relations paul heggede enfin rapports m. harrington dont bonne foi peut être soupçonnée quand affirme avoir vu bord _castillan_ 1857 cet énorme serpent n'avait jamais fréquenté jusqu'alors mers l'ancien _constitutionnel_ alors éclata l'interminable polémique crédules incrédules sociétés savantes journaux scientifiques « question monstre » enflamma esprits journalistes font profession science lutte ceux font profession d'esprit versèrent flots d'encre pendant cette mémorable campagne quelques-uns deux trois gouttes sang car serpent mer vinrent personnalités plus offensantes six mois durant guerre poursuivit chances diverses articles fond l'institut géographique brésil l'académie royale sciences berlin l'association britannique l'institution smithsonnienne washington discussions _the indian archipelago_ _cosmos_ l'abbé moigno _mittheilungen_ petermann chroniques scientifiques grands journaux france l'étranger petite presse ripostait verve intarissable spirituels écrivains parodiant mot linnée cité adversaires monstre soutinrent effet « nature faisait sots » adjurèrent leurs contemporains point donner démenti nature admettant l'existence krakens serpents mer « moby dick » autres élucubrations marins délire enfin article d'un journal satirique très-redouté plus aimé rédacteurs brochant tout poussa monstre comme hippolyte porta dernier coup l'acheva milieu d'un éclat rire universel l'esprit vaincu science pendant premiers mois l'année 1867 question parut être enterrée semblait devoir renaître quand nouveaux faits portés connaissance public s'agit plus alors d'un problème scientifique résoudre bien d'un danger réel sérieux éviter question prit toute autre face monstre redevint îlot rocher écueil écueil fuyant indéterminable insaisissable 5 mars 1867 _moravian_ _montréal océan company_ trouvant pendant nuit 27° 30′ latitude 72° 15′ longitude heurta hanche tribord roc qu'aucune carte marquait parages sous l'effort combiné vent quatre cents chevaux-vapeur marchait vitesse treize nœuds nul doute sans qualité supérieure coque _moravian_ ouvert choc englouti deux cent trente-sept passagers qu'il ramenait canada l'accident arrivé vers cinq heures matin lorsque jour commençait poindre officiers quart précipitèrent l'arrière bâtiment examinèrent l'océan plus scrupuleuse attention virent rien si n'est fort remous brisait trois encâblures comme si nappes liquides violemment battues relèvement lieu exactement pris _moravian_ continua route sans avaries apparentes avait-il heurté roche sous-marine quelque énorme épave d'un naufrage put savoir examen fait carène bassins radoub reconnu qu'une partie quille brisée fait extrêmement grave lui-même peut-être oublié comme tant d'autres si trois semaines après reproduit conditions identiques seulement grâce nationalité navire victime nouvel abordage grâce réputation compagnie laquelle navire appartenait l'événement retentissement immense personne n'ignore nom célèbre armateur anglais cunard cet intelligent industriel fonda 1840 service postal entre liverpool halifax trois navires bois roues d'une force quatre cents chevaux d'une jauge onze cent soixante-deux tonneaux huit ans après matériel compagnie s'accroissait quatre navires six cent cinquante chevaux dix-huit cent vingt tonnes deux ans plus tard deux autres bâtiments supérieurs puissance tonnage 1853 compagnie cunard dont privilége transport dépêches venait d'être renouvelé ajouta successivement matériel _l'arabia_ _le persia_ _le china_ _le scotia_ _le java_ _le russia_ tous navires première marche plus vastes après _great-eastern_ jamais sillonné mers ainsi donc 1867 compagnie possédait douze navires dont huit roues quatre hélices si donne détails très-succincts c'est afin chacun sache bien quelle l'importance cette compagnie transports maritimes connue monde entier intelligente gestion nulle entreprise navigation transocéanienne a conduite plus d'habileté nulle affaire a couronnée plus succès depuis vingt-six ans navires cunard traversé deux mille fois l'atlantique jamais voyage a manqué jamais retard a lieu jamais ni lettre ni homme ni bâtiment n'ont perdus aussi passagers choisissent-ils encore malgré concurrence puissante fait france ligne cunard préférence toute autre ainsi qu'il appert d'un relevé fait documents officiels dernières années ceci dit personne s'étonnera retentissement provoqua l'accident arrivé l'un plus beaux steamers 13 avril 1867 mer belle brise maniable _scotia_ trouvait 15° 12′ longitude 45° 37′ latitude marchait vitesse treize nœuds quarante-trois centièmes sous poussée mille chevaux-vapeur roues battaient mer régularité parfaite tirant d'eau alors six mètres soixante-dix centimètres déplacement six mille six cent vingt-quatre mètres cubes a quatre heures dix-sept minutes soir pendant lunch passagers réunis grand salon choc peu sensible somme produisit coque _scotia_ hanche peu arrière roue bâbord _scotia_ n'avait heurté heurté plutôt instrument tranchant perforant contondant l'abordage semblé si léger personne s'en inquiété bord sans cri caliers remontèrent pont s'écriant « coulons coulons » tout d'abord passagers très-effrayés capitaine anderson hâta rassurer effet danger pouvait être imminent _scotia_ divisé sept compartiments cloisons étanches devait braver impunément voie d'eau capitaine anderson rendit immédiatement cale reconnut cinquième compartiment envahi mer rapidité l'envahissement prouvait voie d'eau considérable fort heureusement compartiment renfermait chaudières car feux subitement éteints capitaine anderson fit stopper immédiatement l'un matelots plongea reconnaître l'avarie quelques instants après constatait l'existence d'un trou large deux mètres carène steamer telle voie d'eau pouvait être aveuglée _scotia_ roues demi noyées dut continuer ainsi voyage trouvait alors trois cent milles cap clear après trois jours d'un retard inquiéta vivement liverpool entra bassins compagnie ingénieurs procédèrent alors visite _scotia_ mis cale sèche purent croire leurs yeux a deux mètres demi au-dessous flottaison s'ouvrait déchirure régulière forme triangle isocèle cassure tôle d'une netteté parfaite n'eût frappée plus sûrement l'emporte-pièce fallait donc l'outil perforant l'avait produite d'une trempe peu commune —et après avoir lancé force prodigieuse ainsi percé tôle quatre centimètres dû retirer lui-même mouvement rétrograde vraiment inexplicable tel dernier fait résultat passionner nouveau l'opinion publique depuis moment effet sinistres maritimes n'avaient cause déterminée mis compte monstre fantastique animal endossa responsabilité tous naufrages dont nombre malheureusement considérable car trois mille navires dont perte annuellement relevée _bureau-veritas_ chiffre navires vapeur voiles supposés perdus corps biens suite d'absence nouvelles s'élève moins deux cents or « monstre » justement injustement accusé disparition grâce communications entre divers continents devenant plus plus dangereuses public déclara demanda catégoriquement mers enfin débarrassées tout prix formidable cétacé illustration ingénieurs procédèrent visite _scotia_ page 6"
1,Chapter 2,ii contre a l'époque où événements produisirent revenais d'une exploration scientifique entreprise mauvaises terres nébraska états-unis qualité professeur-suppléant muséum d'histoire naturelle paris gouvernement français m'avait joint cette expédition après six mois passés nébraska chargé précieuses collections j'arrivai new-york vers fin mars départ france fixé premiers jours mai m'occupais donc attendant classer richesses minéralogiques botaniques zoologiques quand arriva l'incident _scotia_ j'étais parfaitement courant question l'ordre jour comment l'aurais-je j'avais lu relu tous journaux américains européens sans être plus avancé mystère m'intriguait l'impossibilité former opinion flottais d'un extrême l'autre qu'il quelque chose cela pouvait être douteux incrédules invités mettre doigt plaie _scotia_ a arrivée new-york question brûlait l'hypothèse l'îlot flottant l'écueil insaisissable soutenue quelques esprits peu compétents absolument abandonnée effet moins cet écueil n'eût machine ventre comment pouvait-il déplacer rapidité si prodigieuse repoussée l'existence d'une coque flottante d'une énorme épave toujours cause rapidité déplacement restaient donc deux solutions possibles question créaient deux clans très-distincts partisans d'un côté ceux tenaient monstre d'une force colossale l'autre ceux tenaient bateau « sous-marin » d'une extrême puissance motrice or cette dernière hypothèse admissible après tout put résister enquêtes poursuivies deux mondes qu'un simple particulier disposition tel engin mécanique c'était peu probable où quand l'eût-il fait construire comment aurait-il tenu cette construction secrète seul gouvernement pouvait posséder pareille machine destructive temps désastreux où l'homme s'ingénie multiplier puissance armes guerre possible qu'un état essayât l'insu autres formidable engin après chassepots torpilles après torpilles béliers sous-marins puis —la réaction moins l'espère l'hypothèse d'une machine guerre tomba encore devant déclaration gouvernements comme s'agissait là d'un intérêt public puisque communications transocéaniennes souffraient franchise gouvernements pouvait être mise doute d'ailleurs comment admettre construction bateau sous-marin échappé yeux public garder secret circonstances très-difficile particulier certainement impossible état dont tous actes obstinément surveillés puissances rivales illustration frégate l'_abraham-lincoln_ page 12 donc après enquêtes faites angleterre france russie prusse espagne italie amérique voire turquie l'hypothèse d'un monitor sous-marin définitivement rejetée monstre revint donc flots dépit incessantes plaisanteries dont lardait petite presse cette voie imaginations laissèrent bientôt aller plus absurdes rêveries d'une ichthyologie fantastique a arrivée new-york plusieurs personnes m'avaient fait l'honneur consulter phénomène question j'avais publié france ouvrage in-quarto deux volumes intitulé _les mystères grands fonds sous-marins_ livre particulièrement goûté monde savant faisait spécialiste cette partie assez obscure l'histoire naturelle avis demandé tant pus nier réalité fait renfermai absolue négation bientôt collé mur dus m'expliquer catégoriquement « l'honorable pierre aronnax professeur muséum paris » mis demeure _new-york-herald_ formuler opinion quelconque m'exécutai parlai faute pouvoir taire discutai question sous toutes faces politiquement scientifiquement donne ici extrait d'un article très-nourri publiai numéro 30 avril « ainsi donc disais-je après avoir examiné diverses hypothèses toute autre supposition rejetée faut nécessairement admettre l'existence d'un animal marin d'une puissance excessive « grandes profondeurs l'océan totalement inconnues sonde a su atteindre passe-t-il abîmes reculés quels êtres habitent peuvent habiter douze quinze milles au-dessous surface eaux quel l'organisme animaux saurait peine conjecturer « cependant solution problème m'est soumis peut affecter forme dilemme « connaissons toutes variétés d'êtres peuplent planète connaissons « si connaissons toutes si nature a encore secrets ichthyologie rien plus acceptable d'admettre l'existence poissons cétacés d'espèces genres nouveaux d'une organisation essentiellement « fondrière » habitent couches inaccessibles sonde qu'un événement quelconque fantaisie caprice si l'on veut ramène longs intervalles vers niveau supérieur l'océan « si contraire connaissons toutes espèces vivantes faut nécessairement chercher l'animal question parmi êtres marins déjà catalogués cas disposé admettre l'existence d'un _narwal géant_ « narwal vulgaire licorne mer atteint souvent longueur soixante pieds quintuplez décuplez cette dimension donnez cétacé force proportionnelle taille accroissez armes offensives obtenez l'animal voulu proportions déterminées officiers _shannon_ l'instrument exigé perforation _scotia_ puissance nécessaire entamer coque d'un steamer « effet narwal armé d'une sorte d'épée d'ivoire d'une hallebarde suivant l'expression certains naturalistes c'est dent principale a dureté l'acier a trouvé quelques-unes dents implantées corps baleines narwal attaque toujours succès d'autres arrachées non sans peine carènes vaisseaux qu'elles percées d'outre outre comme foret perce tonneau musée faculté médecine paris possède défenses longue deux mètres vingt-cinq centimètres large quarante-huit centimètres base « eh bien supposez l'arme dix fois plus forte l'animal dix fois plus puissant lancez-le rapidité vingt milles l'heure multipliez masse vitesse obtenez choc capable produire catastrophe demandée « donc jusqu plus amples informations j'opinerais licorne mer dimensions colossales armée non plus d'une hallebarde d'un véritable éperon comme frégates cuirassées « rams » guerre dont fois masse puissance motrice « ainsi s'expliquerait phénomène inexplicable —à moins qu'il rien dépit qu'on a entrevu vu senti ressenti —ce encore possible » derniers mots lâcheté part voulais jusqu certain point couvrir dignité professeur trop prêter rire américains rient bien quand rient réservais échappatoire fond j'admettais l'existence « monstre » article chaudement discuté valut grand retentissement rallia certain nombre partisans solution qu'il proposait d'ailleurs laissait libre carrière l'imagination l'esprit humain plaît conceptions grandioses d'êtres surnaturels or mer précisément meilleur véhicule seul milieu où géants —près desquels animaux terrestres éléphants rhinocéros nains —puissent produire développer masses liquides transportent plus grandes espèces connues mammifères peut-être recèlent-elles mollusques d'une incomparable taille crustacés effrayants contempler tels homards cent mètres crabes pesant deux cents tonnes pourquoi non autrefois animaux terrestres contemporains époques géologiques quadrupèdes quadrumanes reptiles oiseaux construits gabarits gigantesques créateur jetés moule colossal temps a réduit peu peu pourquoi mer profondeurs ignorées n'aurait-elle gardé vastes échantillons vie d'un autre âge modifie jamais alors noyau terrestre change presque incessamment pourquoi cacherait-elle sein dernières variétés espèces titanesques dont années siècles siècles millénaires laisse entraîner rêveries qu'il m'appartient plus d'entretenir trêve chimères temps a changées réalités terribles répète l'opinion fit alors nature phénomène public admit sans conteste l'existence d'un être prodigieux n'avait rien commun fabuleux serpents mer si uns virent là qu'un problème purement scientifique résoudre autres plus positifs surtout amérique angleterre d'avis purger l'océan redoutable monstre afin rassurer communications transocéaniennes journaux industriels commerciaux traitèrent question principalement point vue _shipping and mercantile gazette_ _lloyd_ _paquebot_ _revue maritime coloniale_ toutes feuilles dévouées compagnies d'assurances menaçaient d'élever taux leurs primes unanimes point l'opinion publique s'étant prononcée états l'union déclarèrent premiers fit new-york préparatifs d'une expédition destinée poursuivre narwal frégate grande marche l'_abraham-lincoln_ mit mesure prendre mer plus tôt arsenaux ouverts commandant farragut pressa activement l'armement frégate précisément ainsi cela arrive toujours moment l'on décidé poursuivre monstre monstre reparut plus pendant deux mois personne n'en entendit parler aucun navire rencontra semblait cette licorne connaissance complots tramaient contre tant causé câble transatlantique aussi plaisants prétendaient-ils cette fine mouche arrêté passage quelque télégramme dont faisait maintenant profit donc frégate armée campagne lointaine pourvue formidables engins pêche savait plus où diriger l'impatience allait croissant quand 2 juillet apprit qu'un steamer ligne san-francisco californie shangaï revu l'animal trois semaines auparavant mers septentrionales pacifique l'émotion causée cette nouvelle extrême n'accorda vingt-quatre heures répit commandant farragut vivres embarqués soutes regorgeaient charbon homme manquait rôle d'équipage n'avait allumer fourneaux chauffer démarrer pardonné demi-journée retard d'ailleurs commandant farragut demandait partir trois heures avant l'_abraham-lincoln_ quittât pier brooklyn reçus lettre libellée termes « monsieur aronnax professeur muséum paris « fifth avenue hotel « new-york « monsieur « si voulez joindre l'expédition l'_abraham-lincoln_ gouvernement l'union verra plaisir france représentée cette entreprise commandant farragut tient cabine disposition « très-cordialement « j.-b hobson « secrétaire marine »
2,Chapter 3,iii comme plaira a monsieur trois secondes avant l'arrivée lettre j.-b hobson songeais plus poursuivre licorne tenter passage nord-ouest trois secondes après avoir lu lettre l'honorable secrétaire marine comprenais enfin véritable vocation l'unique but vie chasser monstre inquiétant d'en purger monde cependant revenais d'un pénible voyage fatigué avide repos n'aspirais plus revoir pays amis petit logement jardin plantes chères précieuses collections rien put retenir j'oubliai tout fatigues amis collections j'acceptai sans plus réflexions l'offre gouvernement américain « d'ailleurs pensai-je tout chemin ramène europe licorne assez aimable m'entraîner vers côtes france digne animal laissera prendre mers d'europe —pour agrément personnel —et veux rapporter moins d'un demi-mètre hallebarde d'ivoire muséum d'histoire naturelle. » attendant fallait chercher narwal nord l'océan pacifique revenir france prendre chemin antipodes « conseil » criai-je d'une voix impatiente conseil domestique garçon dévoué m'accompagnait tous voyages brave flamand j'aimais rendait bien être phlegmatique nature régulier principe zélé habitude s'étonnant peu surprises vie très-adroit mains apte tout service dépit nom donnant jamais conseils —même quand demandait a frotter savants petit monde jardin plantes conseil venu savoir quelque chose j'avais spécialiste très-ferré classification histoire naturelle parcourant agilité d'acrobate toute l'échelle embranchements groupes classes sous-classes ordres familles genres sous-genres espèces variétés science s'arrêtait là classer c'était vie n'en savait davantage très-versé théorie classification peu pratique n'eût distingué crois cachalot d'une baleine cependant quel brave digne garçon conseil jusqu'ici depuis dix ans m'avait suivi partout où m'entraînait science jamais réflexion longueur fatigue d'un voyage nulle objection boucler valise pays quelconque chine congo si éloigné qu'il allait là comme ici sans demander davantage d'ailleurs d'une belle santé défiait toutes maladies muscles solides nerfs l'apparence nerfs —au moral s'entend garçon trente ans âge celui maître comme quinze vingt qu'on m'excuse dire ainsi j'avais quarante ans seulement conseil défaut formaliste enragé parlait jamais troisième personne —au point d'en être agaçant « conseil » répétai-je tout commençant d'une main fébrile préparatifs départ certainement j'étais sûr garçon si dévoué d'ordinaire demandais jamais s'il convenait non suivre voyages cette fois s'agissait d'une expédition pouvait indéfiniment prolonger d'une entreprise hasardeuse poursuite d'un animal capable couler frégate comme coque noix là matière réflexion l'homme plus impassible monde qu'allait dire conseil « conseil » criai-je troisième fois conseil parut « monsieur m'appelle dit-il entrant —oui garçon prépare-moi prépare-toi partons deux heures —comme plaira monsieur répondit tranquillement conseil —pas instant perdre serre malle tous ustensiles voyage habits chemises chaussettes sans compter plus pourras hâte-toi —et collections monsieur fit observer conseil —on s'en occupera plus tard —quoi archiotherium hyracotherium oréodons chéropotamus autres carcasses monsieur —on gardera l'hôtel —et babiroussa vivant monsieur —on nourrira pendant absence d'ailleurs donnerai l'ordre expédier france ménagerie —nous retournons donc paris demanda conseil —si ... certainement ... répondis-je évasivement faisant crochet —le crochet plaira monsieur —oh peu chose chemin peu moins direct voilà tout prenons passage l'_abraham-lincoln_ —comme conviendra monsieur répondit paisiblement conseil —tu sais ami s'agit monstre ... fameux narwal ... allons purger mers ... l'auteur d'un ouvrage in-quarto deux volumes _mystères grands fonds sous-marins_ peut dispenser s'embarquer commandant farragut mission glorieuse ... dangereuse aussi sait où l'on va bêtes-là peuvent être très-capricieuses irons quand commandant a froid yeux ... —comme fera monsieur ferai répondit conseil —et songes-y bien car veux rien cacher c'est là voyages dont revient toujours —comme plaira monsieur. » quart d'heure après malles prêtes conseil fait tour main j'étais sûr rien manquait car garçon classait chemises habits aussi bien oiseaux mammifères l'ascenseur l'hôtel déposa grand vestibule l'entresol descendis quelques marches conduisaient rez-de-chaussée réglai note vaste comptoir toujours assiégé foule considérable donnai l'ordre d'expédier paris france ballots d'animaux empaillés plantes desséchées fis ouvrir crédit suffisant babiroussa conseil suivant sautai voiture illustration « comme plaira monsieur. » page 15 véhicule vingt francs course descendit broadway jusqu union-square suivit fourth-avenue jusqu jonction bowery-street prit katrin-street s'arrêta trente-quatrième pier 2 là katrin-ferry-boat transporta hommes chevaux voiture brooklyn grande annexe new-york située rive gauche rivière l'est quelques minutes arrivions quai près duquel l'_abraham-lincoln_ vomissait deux cheminées torrents fumée noire 2 sorte quai spécial chaque bâtiment bagages immédiatement transbordés pont frégate précipitai bord demandai commandant farragut matelots conduisit dunette où trouvai présence d'un officier bonne mine tendit main « monsieur pierre aronnax dit-il —lui-même répondis-je commandant farragut —en personne bienvenu monsieur professeur cabine attend. » saluai laissant commandant soins appareillage fis conduire cabine m'était destinée illustration cortége suivant toujours frégate page 19 l'_abraham-lincoln_ parfaitement choisi aménagé destination nouvelle c'était frégate grande marche munie d'appareils surchauffeurs permettaient porter sept atmosphères tension vapeur sous cette pression l'_abraham-lincoln_ atteignait vitesse moyenne dix-huit milles trois dixièmes l'heure vitesse considérable cependant insuffisante lutter gigantesque cétacé aménagements intérieurs frégate répondaient qualités nautiques très-satisfait cabine située l'arrière s'ouvrait carré officiers « bien ici dis-je conseil —aussi bien n'en déplaise monsieur répondit conseil qu'un bernard-l'hermite coquille d'un buccin. » laissai conseil arrimer convenablement malles remontai pont afin suivre préparatifs l'appareillage a moment commandant farragut faisait larguer dernières amarres retenaient l'_abraham-lincoln_ pier brooklyn ainsi donc quart d'heure retard moins frégate partait sans manquais cette expédition extraordinaire surnaturelle invraisemblable dont récit véridique pourra bien trouver cependant quelques incrédules commandant farragut voulait perdre ni jour ni heure rallier mers lesquelles l'animal venait d'être signalé fit venir ingénieur « sommes-nous pression demanda-t-il —oui monsieur répondit l'ingénieur — « go ahead » cria commandant farragut a cet ordre transmis machine moyen d'appareils air comprimé mécaniciens firent agir roue mise train vapeur siffla précipitant tiroirs entr'ouverts longs pistons horizontaux gémirent poussèrent bielles l'arbre branches l'hélice battirent flots rapidité croissante l'_abraham-lincoln_ s'avança majestueusement milieu d'une centaine ferry-boats tenders 3 chargés spectateurs faisaient cortége 3 petits bateaux vapeur font service grands steamers quais brooklyn toute partie new-york borde rivière l'est couverts curieux trois hurrahs partis cinq cent mille poitrines éclatèrent successivement milliers mouchoirs s'agitèrent au-dessus masse compacte saluèrent l'_abraham-lincoln_ jusqu arrivée eaux l'hudson pointe cette presqu'île allongée forme ville new-york alors frégate suivant côté new-jersey l'admirable rive droite fleuve toute chargée villas passa entre forts saluèrent leurs plus gros canons l'_abraham-lincoln_ répondit amenant hissant trois fois pavillon américain dont trente-neuf étoiles resplendissaient corne d'artimon puis modifiant marche prendre chenal balisé s'arrondit baie intérieure formée pointe sandy-hook rasa cette langue sablonneuse où quelques milliers spectateurs l'acclamèrent encore fois cortége boats tenders suivait toujours frégate quitta hauteur light-boat dont deux feux marquent l'entrée passes new-york trois heures sonnaient alors pilote descendit canot rejoignit petite goëlette l'attendait sous vent feux poussés l'hélice battit plus rapidement flots frégate longea côte jaune basse long-island huit heures soir après avoir perdu nord-ouest feux fire-island courut toute vapeur sombres eaux l'atlantique
3,Chapter 4,iv ned land commandant farragut bon marin digne frégate qu'il commandait navire faisaient qu'un l'âme question cétacé aucun doute s'élevait esprit permettait l'existence l'animal discutée bord croyait comme certaines bonnes femmes croient léviathan —par foi non raison monstre existait délivrerait mers l'avait juré c'était sorte chevalier rhodes dieudonné gozon marchant rencontre serpent désolait île commandant farragut tuerait narwal narwal tuerait commandant farragut milieu officiers bord partageaient l'opinion chef fallait entendre causer discuter disputer calculer diverses chances d'une rencontre observer vaste étendue l'océan plus d'un s'imposait quart volontaire barres perroquet maudit telle corvée toute autre circonstance tant soleil décrivait arc diurne mâture peuplée matelots auxquels planches pont brûlaient pieds pouvaient tenir place cependant l'_abraham-lincoln_ tranchait encore étrave eaux suspectes pacifique quant l'équipage demandait rencontrer licorne harponner hisser bord dépecer surveillait mer scrupuleuse attention d'ailleurs commandant farragut parlait d'une certaine somme deux mille dollars réservée quiconque mousse matelot maître officier signalerait l'animal laisse penser si yeux s'exerçaient bord l'_abraham-lincoln_ compte n'étais reste autres laissais personne part d'observations quotidiennes frégate cent fois raison s'appeler l'_argus_ seul entre tous conseil protestait indifférence touchant question passionnait détonait l'enthousiasme général bord j'ai dit commandant farragut soigneusement pourvu navire d'appareils propres pêcher gigantesque cétacé baleinier n'eût mieux armé possédions tous engins connus depuis harpon lance main jusqu'aux flèches barbelées espingoles balles explosibles canardières gaillard d'avant s'allongeait canon perfectionné chargeant culasse très-épais parois très-étroit d'âme dont modèle doit figurer l'exposition universelle 1867 précieux instrument d'origine américaine envoyait sans gêner projectile conique quatre kilogrammes distance moyenne seize kilomètres donc l'_abraham-lincoln_ manquait d'aucun moyen destruction mieux encore ned land roi harponneurs ned land canadien d'une habileté main peu commune connaissait d'égal périlleux métier adresse sang-froid audace ruse possédait qualités degré supérieur fallait être baleine bien maligne cachalot singulièrement astucieux échapper coup harpon ned land environ quarante ans c'était homme grande taille —plus six pieds anglais —vigoureusement bâti l'air grave peu communicatif violent parfois très-rageur quand contrariait personne provoquait l'attention surtout puissance regard accentuait singulièrement physionomie crois commandant farragut sagement fait d'engager cet homme bord valait tout l'équipage seul l'œil bras saurais mieux comparer télescope puissant temps canon toujours prêt partir dit canadien dit français si peu communicatif ned land dois avouer qu'il prit d'une certaine affection nationalité l'attirait sans doute c'était occasion parler d'entendre cette vieille langue rabelais encore usage quelques provinces canadiennes famille harponneur originaire québec formait déjà tribu hardis pêcheurs l'époque où cette ville appartenait france peu peu ned prit goût causer j'aimais entendre récit aventures mers polaires racontait pêches combats grande poésie naturelle récit prenait forme épique croyais écouter quelque homère canadien chantant l'iliade régions hyperboréennes dépeins maintenant hardi compagnon tel connais actuellement c'est devenus vieux amis unis cette inaltérable amitié naît cimente plus effrayantes conjonctures ah brave ned demande vivre cent ans encore souvenir plus longtemps maintenant quelle l'opinion ned land question monstre marin dois avouer qu'il croyait guère licorne seul bord partageait conviction générale évitait traiter sujet lequel crus devoir l'entreprendre jour magnifique soirée 30 juillet c'est-à-dire trois semaines après départ frégate trouvait hauteur cap blanc trente milles sous vent côtes patagonnes dépassé tropique capricorne détroit magellan s'ouvrait moins sept cent milles sud avant huit jours l'_abraham-lincoln_ sillonnerait flots pacifique assis dunette ned land causions choses d'autres regardant cette mystérieuse mer dont profondeurs restées jusqu'ici inaccessibles regards l'homme j'amenai tout naturellement conversation licorne géante j'examinai diverses chances succès d'insuccès expédition puis voyant ned laissait parler sans trop rien dire poussai plus directement « comment ned demandai-je comment pouvez-vous être convaincu l'existence cétacé poursuivons avez-vous donc raisons particulières montrer si incrédule » harponneur regarda pendant quelques instants avant répondre frappa main large front geste habituel ferma yeux comme recueillir dit enfin « peut-être bien monsieur aronnax —cependant ned baleinier profession familiarisé grands mammifères marins dont l'imagination doit aisément accepter l'hypothèse cétacés énormes devriez être dernier douter pareilles circonstances —c'est trompe monsieur professeur répondit ned vulgaire croie comètes extraordinaires traversent l'espace l'existence monstres antédiluviens peuplent l'intérieur globe passe encore ni l'astronome ni géologue n'admettent telles chimères baleinier j'ai poursuivi beaucoup cétacés j'en harponné grand nombre j'en tué plusieurs si puissants si bien armés qu'ils ni leurs queues ni leurs défenses n'auraient pu entamer plaques tôle d'un steamer —cependant ned cite bâtiments dent narwal a traversés part part —des navires bois c'est possible répondit canadien encore jamais vus donc jusqu preuve contraire nie baleines cachalots licornes puissent produire pareil effet —écoutez-moi ned ... —non monsieur professeur non tout voudrez excepté cela poulpe gigantesque peut-être ... —encore moins ned poulpe n'est qu'un mollusque nom indique peu consistance chairs eût-il cinq cents pieds longueur poulpe n'appartient point l'embranchement vertébrés tout fait inoffensif navires tels _scotia_ l'_abraham-lincoln_ faut donc rejeter rang fables prouesses krakens autres monstres cette espèce —alors monsieur naturaliste reprit ned land d'un assez narquois persistez admettre l'existence d'un énorme cétacé ... —oui ned répète conviction s'appuie logique faits crois l'existence d'un mammifère puissamment organisé appartenant l'embranchement vertébrés comme baleines cachalots dauphins muni d'une défense cornée dont force pénétration extrême —hum fit harponneur secouant tête l'air d'un homme veut laisser convaincre —remarquez digne canadien repris-je si tel animal existe s'il habite profondeurs l'océan s'il fréquente couches liquides situées quelques milles au-dessous surface eaux possède nécessairement organisme dont solidité défie toute comparaison —et pourquoi cet organisme si puissant demanda ned —parce qu'il faut force incalculable maintenir couches profondes résister pression —vraiment dit ned regardait clignant l'œil —vraiment quelques chiffres prouveront sans peine —oh chiffres répliqua ned fait qu'on veut chiffres —en affaires ned non mathématiques écoutez-moi admettons pression d'une atmosphère représentée pression d'une colonne d'eau haute trente-deux pieds réalité colonne d'eau d'une moindre hauteur puisqu'il s'agit l'eau mer dont densité supérieure celle l'eau douce eh bien quand plongez ned autant fois trente-deux pieds d'eau au-dessus autant fois corps supporte pression égale celle l'atmosphère c'est-à-dire kilogrammes chaque centimètre carré surface suit là trois cent vingt pieds cette pression dix atmosphères cent atmosphères trois mille deux cents pieds mille atmosphères trente-deux mille pieds deux lieues demie environ équivaut dire si pouviez atteindre cette profondeur l'océan chaque centimètre carré surface corps subirait pression mille kilogrammes or brave ned savez-vous centimètres carrés surface —je m'en doute monsieur aronnax —environ dix-sept mille —tant cela —et comme réalité pression atmosphérique peu supérieure poids d'un kilogramme centimètre carré dix-sept mille centimètres carrés supportent moment pression dix-sept mille cinq cent soixante-huit kilogrammes —sans m'en aperçoive —sans aperceviez si n'êtes écrasé telle pression c'est l'air pénètre l'intérieur corps pression égale là équilibre parfait entre poussée intérieure poussée extérieure neutralisent permet supporter sans peine l'eau c'est autre chose —oui comprends répondit ned devenu plus attentif parce l'eau m'entoure pénètre —précisément ned ainsi donc trente-deux pieds au-dessous surface mer subiriez pression dix-sept mille cinq cent soixante-huit kilogrammes trois cent vingt pieds dix fois cette pression cent soixante-quinze mille six cent quatre-vingt kilogrammes trois mille deux cents pieds cent fois cette pression dix-sept cent cinquante-six mille huit cent kilogrammes trente-deux mille pieds enfin mille fois cette pression dix-sept millions cinq cent soixante-huit mille kilogrammes c'est-à-dire aplati comme si l'on retirait plateaux d'une machine hydraulique illustration ned land environ quarante ans page 20 —diable fit ned —eh bien digne harponneur si vertébrés longs plusieurs centaines mètres gros proportion maintiennent pareilles profondeurs dont surface représentée millions centimètres carrés c'est milliards kilogrammes qu'il faut estimer poussée qu'ils subissent calculez alors quelle doit être résistance charpente osseuse puissance organisme résister telles pressions illustration tantôt appuyé lisse l'arrière page 27 —il faut répondit ned land qu'ils fabriqués plaques tôle huit pouces comme frégates cuirassées —comme dites ned songez alors ravages peut produire pareille masse lancée vitesse d'un express contre coque d'un navire —oui ... effet ... peut-être répondit canadien ébranlé chiffres voulait rendre —eh bien ai-je convaincu —vous m'avez convaincu d'une chose monsieur naturaliste c'est si tels animaux existent fond mers faut nécessairement qu'ils aussi forts dites —mais s'ils n'existent entêté harponneur comment expliquez-vous l'accident arrivé _scotia_ —c'est peut-être ... dit ned hésitant —allez donc —parce ... ça n'est vrai » répondit canadien reproduisant sans savoir célèbre réponse d'arago cette réponse prouvait l'obstination harponneur autre chose jour-là poussai davantage l'accident _scotia_ n'était niable trou existait si bien qu'il fallu boucher pense l'existence d'un trou puisse démontrer plus catégoriquement or trou s'était fait tout seul puisqu'il n'avait produit roches sous-marines engins sous-marins nécessairement dû l'outil perforant d'un animal or suivant toutes raisons précédemment déduites cet animal appartenait l'embranchement vertébrés classe mammifères groupe pisciformes finalement l'ordre cétacés quant famille laquelle prenait rang baleine cachalot dauphin quant genre dont faisait partie quant l'espèce laquelle convenait ranger c'était question élucider ultérieurement résoudre fallait disséquer monstre inconnu disséquer prendre prendre harponner —ce l'affaire ned land —pour harponner voir —ce l'affaire l'équipage —et voir rencontrer —ce l'affaire hasard
4,Chapter 5,v a l'aventure voyage l'_abraham-lincoln_ pendant quelque temps marqué aucun incident cependant circonstance présenta mit relief merveilleuse habileté ned land montra quelle confiance devait avoir large malouines 30 juin frégate communiqua baleiniers américains apprîmes qu'ils n'avaient aucune connaissance narwal l'un deux capitaine _monroe_ sachant ned land embarqué bord l'_abraham-lincoln_ demanda aide chasser baleine vue commandant farragut désireux voir ned land l'œuvre l'autorisa rendre bord _monroe_ hasard servit si bien canadien qu'au lieu d'une baleine harponna deux d'un coup double frappant l'une droit cœur s'emparant l'autre après poursuite quelques minutes décidément si monstre a jamais affaire harpon ned land parierai monstre frégate prolongea côte sud-est l'amérique rapidité prodigieuse 3 juillet l'ouvert détroit magellan hauteur cap vierges commandant farragut voulut prendre sinueux passage manœuvra manière doubler cap horn l'équipage donna raison l'unanimité effet était-il probable l'on pût rencontrer narwal détroit resserré bon nombre matelots affirmaient monstre pouvait passer « qu'il trop gros cela » 6 juillet vers trois heures soir l'_abraham-lincoln_ quinze milles sud doubla cet îlot solitaire roc perdu l'extrémité continent américain auquel marins hollandais imposèrent nom ville natale cap horn route donnée vers nord-ouest lendemain l'hélice frégate battit enfin eaux pacifique « ouvre l'œil ouvre l'œil » répétaient matelots l'_abraham-lincoln_ l'ouvraient démesurément yeux lunettes peu éblouis vrai perspective deux mille dollars restèrent instant repos jour nuit observait surface l'océan nyctalopes dont faculté voir l'obscurité accroissait chances cinquante cent beau jeu gagner prime l'appât l'argent n'attirait guère n'étais pourtant moins attentif bord donnant quelques minutes repas quelques heures sommeil indifférent soleil pluie quittais plus pont navire tantôt penché bastingages gaillard d'avant tantôt appuyé lisse l'arrière dévorais d'un œil avide cotonneux sillage blanchissait mer jusqu perte vue fois j'ai partagé l'émotion l'état-major l'équipage lorsque quelque capricieuse baleine élevait dos noirâtre au-dessus flots pont frégate peuplait instant capots vomissaient torrent matelots d'officiers chacun poitrine haletante l'œil trouble observait marche cétacé regardais regardais user rétine devenir aveugle tandis conseil toujours phlegmatique répétait d'un calme « si monsieur voulait avoir bonté moins écarquiller yeux monsieur verrait bien davantage » vaine émotion l'_abraham-lincoln_ modifiait route courait l'animal signalé simple baleine cachalot vulgaire disparaissait bientôt milieu d'un concert d'imprécations cependant temps restait favorable voyage s'accomplissait meilleures conditions c'était alors mauvaise saison australe car juillet cette zone correspond janvier d'europe mer maintenait belle laissait facilement observer vaste périmètre ned land montrait toujours plus tenace incrédulité affectait point examiner surface flots dehors temps bordée —du moins quand aucune baleine n'était vue pourtant merveilleuse puissance vision rendu grands services huit heures douze cet entêté canadien lisait dormait cabine cent fois reprochai indifférence « bah répondait-il a rien monsieur aronnax eût-il quelque animal quelle chance avons-nous l'apercevoir est-ce courons l'aventure a revu dit-on cette bête introuvable hautes mers pacifique veux bien l'admettre deux mois déjà écoulés depuis cette rencontre s'en rapporter tempérament narwal n'aime point moisir longtemps mêmes parages doué d'une prodigieuse facilité déplacement or savez mieux monsieur professeur nature fait rien contre-sens donnerait animal lent nature faculté mouvoir rapidement s'il n'avait besoin s'en servir donc si bête existe déjà loin » a cela savais répondre évidemment marchions aveugles moyen procéder autrement aussi chances étaient-elles fort limitées cependant personne doutait encore succès matelot bord n'eût parié contre narwal contre prochaine apparition 20 juillet tropique capricorne coupé 105° longitude 27 mois franchissions l'équateur cent dixième méridien relèvement fait frégate prit direction plus décidée vers l'ouest s'engagea mers centrales pacifique commandant farragut pensait raison qu'il valait mieux fréquenter eaux profondes s'éloigner continents îles dont l'animal toujours paru éviter l'approche « sans doute parce qu'il assez d'eau » disait maître d'équipage frégate passa donc large pomotou marquises sandwich coupa tropique cancer 132° longitude dirigea vers mers chine enfin théâtre derniers ébats monstre tout dire vivait plus bord cœurs palpitaient effroyablement préparaient l'avenir d'incurables anévrismes l'équipage entier subissait surexcitation nerveuse dont saurais donner l'idée mangeait dormait plus vingt fois jour erreur d'appréciation illusion d'optique quelque matelot perché barres causaient d'intolérables souleurs émotions vingt fois répétées maintenaient état d'éréthisme trop violent amener réaction prochaine effet réaction tarda produire pendant trois mois trois mois dont chaque jour durait siècle l'_abraham-lincoln_ sillonna toutes mers septentrionales pacifique courant baleines signalées faisant brusques écarts route virant subitement d'un bord l'autre s'arrêtant soudain forçant renversant vapeur coup coup risque déniveler machine laissa point inexploré rivages japon côte américaine rien rien l'immensité flots déserts rien ressemblât narwal gigantesque ni îlot sous-marin ni épave naufrage ni écueil fuyant ni quoi surnaturel réaction fit donc découragement s'empara d'abord esprits ouvrit brèche l'incrédulité nouveau sentiment produisit bord composait trois dixièmes honte contre sept dixièmes fureur « tout bête » s'être laissé prendre chimère encore plus furieux montagnes d'arguments entassés depuis an s'écroulèrent fois chacun songea plus rattraper heures repas sommeil temps qu'il si sottement sacrifié mobilité naturelle l'esprit humain d'un excès jeta autre plus chauds partisans l'entreprise devinrent fatalement plus ardents détracteurs réaction monta fonds navire poste soutiers jusqu'au carré l'état-major certainement sans entêtement très-particulier commandant farragut frégate définitivement remis cap sud cependant cette recherche inutile pouvait prolonger plus longtemps l'_abraham-lincoln_ n'avait rien reprocher tout fait réussir jamais équipage d'un bâtiment marine américaine montra plus patience plus zèle insuccès saurait être imputé restait plus revenir représentation sens faite commandant commandant tint bon matelots cachèrent point mécontentement service souffrit veux dire qu'il révolte bord après raisonnable période d'obstination commandant farragut comme autrefois colomb demanda trois jours patience si délai trois jours monstre n'avait paru l'homme barre donnerait trois tours roue l'_abraham-lincoln_ ferait route vers mers européennes cette promesse faite 2 novembre tout d'abord résultat ranimer défaillances l'équipage l'océan observé nouvelle attention chacun voulait jeter dernier coup d'œil lequel résume tout souvenir lunettes fonctionnèrent activité fiévreuse c'était suprême défi porté narwal géant celui-ci pouvait raisonnablement dispenser répondre cette sommation « comparaître » deux jours passèrent l'_abraham-lincoln_ tenait sous petite vapeur employait mille moyens éveiller l'attention stimuler l'apathie l'animal cas où rencontré parages d'énormes quartiers lard mis traîne —pour plus grande satisfaction requins dois dire embarcations rayonnèrent toutes directions autour l'_abraham-lincoln_ pendant qu'il mettait panne laissèrent point mer inexploré soir 4 novembre arriva sans dévoilé mystère sous-marin lendemain 5 novembre midi expirait délai rigueur après point commandant farragut fidèle promesse devait donner route sud-est abandonner définitivement régions septentrionales pacifique frégate trouvait alors 31° 15′ latitude nord 136° 42′ longitude terres japon restaient moins deux cents milles sous vent nuit approchait venait piquer huit heures gros nuages voilaient disque lune alors premier quartier mer ondulait paisiblement sous l'étrave frégate moment j'étais appuyé l'avant bastingage tribord conseil posté près regardait devant l'équipage juché haubans examinait l'horizon rétrécissait s'obscurcissait peu peu officiers armés lorgnette nuit fouillaient l'obscurité croissante parfois sombre océan étincelait sous rayon lune dardait entre frange deux nuages puis toute trace lumineuse s'évanouissait ténèbres observant conseil constatai brave garçon subissait tant peu l'influence générale moins crus ainsi peut-être première fois nerfs vibraient-ils sous l'action d'un sentiment curiosité « allons conseil dis-je voilà dernière occasion d'empocher deux mille dollars —que monsieur permette dire répondit conseil n'ai jamais compté cette prime gouvernement l'union pouvait promettre cent mille dollars n'en plus pauvre —tu raison conseil c'est sotte affaire après tout laquelle lancés trop légèrement temps perdu d'émotions inutiles depuis six mois déjà rentrés france ... —dans petit appartement monsieur répliqua conseil muséum monsieur j'aurais déjà classé fossiles monsieur babiroussa monsieur installé cage jardin plantes attirerait tous curieux capitale —comme dis conseil sans compter j'imagine l'on moquera —effectivement répondit tranquillement conseil pense l'on moquera monsieur faut-il dire ... —il faut dire conseil —eh bien monsieur n'aura qu'il mérite —vraiment —quand a l'honneur d'être savant comme monsieur s'expose ... » conseil put achever compliment milieu silence général voix venait faire entendre c'était voix ned land ned land s'écriait « ohé chose question sous vent travers » illustration embarcations rayonnèrent autour frégate page 30
5,Chapter 6,vi a toute vapeur a cri l'équipage entier précipita vers harponneur commandant officiers maîtres matelots mousses jusqu'aux ingénieurs quittèrent machine jusqu'aux chauffeurs abandonnèrent leurs fourneaux l'ordre stopper donné frégate courait plus erre illustration monstre immergé quelques toises page 33 l'obscurité profonde alors quelque bons yeux canadien demandais comment vu qu'il pu voir cœur battait rompre ned land s'était trompé tous aperçûmes l'objet qu'il indiquait main a deux encâblures l'_abraham-lincoln_ hanche tribord mer semblait être illuminée dessous n'était point simple phénomène phosphorescence l'on pouvait tromper monstre immergé quelques toises surface eaux projetait cet éclat très-intense inexplicable mentionnaient rapports plusieurs capitaines cette magnifique irradiation devait être produite agent d'une grande puissance éclairante partie lumineuse décrivait mer immense ovale très-allongé centre duquel condensait foyer ardent dont l'insoutenable éclat s'éteignait dégradations successives « n'est qu'une agglomération molécules phosphorescentes s'écria l'un officiers —non monsieur répliquai-je conviction jamais pholades salpes produisent si puissante lumière cet éclat nature essentiellement électrique ... d'ailleurs voyez voyez déplace meut avant arrière s'élance » cri général s'éleva frégate « silence dit commandant farragut barre vent toute machine arrière » matelots précipitèrent barre ingénieurs machine vapeur immédiatement renversée l'_abraham-lincoln_ abattant bâbord décrivit demi-cercle « barre droite machine avant » cria commandant farragut ordres exécutés frégate s'éloigna rapidement foyer lumineux trompe voulut s'éloigner surnaturel animal rapprocha vitesse double sienne haletants stupéfaction bien plus crainte tenait muets immobiles l'animal gagnait jouant fit tour frégate filait alors quatorze nœuds l'enveloppa nappes électriques comme d'une poussière lumineuse puis s'éloigna deux trois milles laissant traînée phosphorescente comparable tourbillons vapeur jette arrière locomotive d'un express tout d'un coup obscures limites l'horizon où alla prendre élan monstre fonça subitement vers l'_abraham-lincoln_ effrayante rapidité s'arrêta brusquement vingt pieds précintes s'éteignit —non s'abîmant sous eaux puisque éclat subit aucune dégradation —mais soudainement comme si source cette brillante effluve subitement tarie puis reparut l'autre côté navire qu'il l'eut tourné qu'il glissé sous coque a chaque instant collision pouvait produire fatale cependant m'étonnais manœuvres frégate fuyait n'attaquait poursuivie devait poursuivre j'en fis l'observation commandant farragut figure d'ordinaire si impassible empreinte d'un indéfinissable étonnement « monsieur aronnax répondit-il sais quel être formidable j'ai affaire veux risquer imprudemment frégate milieu cette obscurité d'ailleurs comment attaquer l'inconnu comment s'en défendre attendons jour rôles changeront —vous n'avez plus doute commandant nature l'animal —non monsieur c'est évidemment narwal gigantesque aussi narwal électrique —peut-être ajoutai-je peut-on plus l'approcher qu'une gymnote torpille —en effet répondit commandant s'il possède puissance foudroyante c'est coup sûr plus terrible animal jamais sorti main créateur c'est pourquoi monsieur tiendrai gardes. » tout l'équipage resta pied pendant nuit personne songea dormir l'_abraham-lincoln_ pouvant lutter vitesse modéré marche tenait sous petite vapeur côté narwal imitant frégate laissait bercer gré lames semblait décidé point abandonner théâtre lutte vers minuit cependant disparut employer expression plus juste « s'éteignit » comme gros ver luisant avait-il fui fallait craindre non l'espérer heure moins sept minutes matin sifflement assourdissant fit entendre semblable celui produit colonne d'eau chassée extrême violence commandant farragut ned land alors dunette jetant d'avides regards travers profondes ténèbres « ned land demanda commandant souvent entendu rugir baleines —souvent monsieur jamais pareilles baleines dont vue m'ait rapporté deux mille dollars —en effet droit prime dites-moi bruit n'est-il celui font cétacés rejetant l'eau leurs évents —le bruit monsieur celui-ci incomparablement plus fort aussi peut-on tromper c'est bien cétacé tient là eaux permission monsieur ajouta harponneur dirons deux mots demain lever jour —s'il d'humeur entendre maître land répondis-je d'un peu convaincu —que l'approche quatre longueurs harpon riposta canadien faudra bien qu'il m'écoute —mais l'approcher reprit commandant devrai mettre baleinière disposition —sans doute monsieur —ce jouer vie hommes —et mienne » répondit simplement harponneur vers deux heures matin foyer lumineux reparut non moins intense cinq milles vent l'_abraham-lincoln_ malgré distance malgré bruit vent mer entendait distinctement formidables battements queue l'animal jusqu respiration haletante semblait qu'au moment où l'énorme narwal venait respirer surface l'océan l'air s'engouffrait poumons comme fait vapeur vastes cylindres d'une machine deux mille chevaux « hum pensai-je baleine force d'un régiment cavalerie jolie baleine » resta qui-vive jusqu'au jour l'on prépara combat engins pêche disposés long bastingages second fit charger espingoles lancent harpon distance d'un mille longues canardières balles explosives dont blessure mortelle plus puissants animaux ned land s'était contenté d'affûter harpon arme terrible main a six heures l'aube commença poindre premières lueurs l'aurore disparut l'éclat électrique narwal a sept heures jour suffisamment fait brume matinale très-épaisse rétrécissait l'horizon meilleures lorgnettes pouvaient percer là désappointement colère hissai jusqu'aux barres d'artimon quelques officiers s'étaient déjà perchés tête mâts a huit heures brume roula lourdement flots grosses volutes levèrent peu peu l'horizon s'élargissait purifiait fois soudain comme veille voix ned land fit entendre « chose question bâbord derrière » cria harponneur tous regards dirigèrent vers point indiqué là mille demi frégate long corps noirâtre émergeait d'un mètre au-dessus flots queue violemment agitée produisait remous considérable jamais appareil caudal battit mer telle puissance immense sillage d'une blancheur éclatante marquait passage l'animal décrivait courbe allongée frégate s'approcha cétacé l'examinai toute liberté d'esprit rapports _shannon_ l'_helvetia_ peu exagéré dimensions j'estimai longueur deux cents cinquante pieds seulement quant grosseur pouvais difficilement l'apprécier somme l'animal parut être admirablement proportionné trois dimensions pendant j'observais cet être phénoménal deux jets vapeur d'eau s'élancèrent évents montèrent hauteur quarante mètres fixa mode respiration j'en conclus définitivement qu'il appartenait l'embranchement vertébrés classe mammifères sous-classe monodelphiens groupe pisciformes ordre cétacés famille ... ici pouvais encore prononcer l'ordre cétacés comprend trois familles baleines cachalots dauphins c'est cette dernière rangés narwals chacune familles divise plusieurs genres chaque genre espèces chaque espèce variétés variété espèce genre famille manquaient encore doutais compléter classification l'aide ciel commandant farragut l'équipage attendait impatiemment ordres chef celui-ci après avoir attentivement observé l'animal fit appeler l'ingénieur l'ingénieur accourut « monsieur dit commandant pression —oui monsieur répondit l'ingénieur —bien forcez feux toute vapeur » trois hurrahs accueillirent cet ordre l'heure lutte sonné quelques instants après deux cheminées frégate vomissaient torrents fumée noire pont frémissait sous tremblotement chaudières l'_abraham-lincoln_ chassé avant puissante hélice dirigea droit l'animal celui-ci laissa indifféremment s'approcher demi-encâblure puis dédaignant plonger prit petite allure fuite contenta maintenir distance cette poursuite prolongea pendant trois quarts d'heure environ sans frégate gagnât deux toises cétacé donc évident marcher ainsi l'atteindrait jamais commandant farragut tordait rage l'épaisse touffe poils foisonnait sous menton « ned land » cria-t-il canadien vint l'ordre « eh bien maître land demanda commandant conseillez-vous encore mettre embarcations mer —non monsieur répondit ned land car cette bête-là laissera prendre si veut bien —que faire alors —forcer vapeur si pouvez monsieur permission s'entend vais m'installer sous-barbes beaupré si arrivons longueur harpon harponne —allez ned répondit commandant farragut ingénieur cria-t-il faites monter pression. » ned land rendit poste feux plus activement poussés l'hélice donna quarante-trois tours minute vapeur fusa soupapes loch jeté constata l'_abraham-lincoln_ marchait raison dix-huit milles cinq dixièmes l'heure maudit animal filait aussi vitesse dix-huit milles cinq dixièmes pendant heure encore frégate maintint sous cette allure sans gagner toise c'était humiliant l'un plus rapides marcheurs marine américaine sourde colère courait parmi l'équipage matelots injuriaient monstre d'ailleurs dédaignait répondre commandant farragut contentait plus tordre barbiche mordait l'ingénieur encore fois appelé « atteint maximum pression demanda commandant —oui monsieur répondit l'ingénieur —et soupapes chargées ..... —a six atmosphères demie —chargez-les dix atmosphères. » voilà ordre américain s'il n'eût mieux fait mississipi distancer « concurrence » « conseil dis-je brave serviteur trouvait près sais-tu bien allons probablement sauter —comme plaira monsieur » répondit conseil eh bien l'avouerai cette chance déplaisait risquer soupapes chargées charbon s'engouffra fourneaux ventilateurs envoyèrent torrents d'air brasiers rapidité l'_abraham-lincoln_ s'accrut mâts tremblaient jusque leurs emplantures tourbillons fumée pouvaient peine trouver passage cheminées trop étroites jeta loch seconde fois « eh bien timonier demanda commandant farragut —dix neuf milles trois dixièmes monsieur —forcez feux. » l'ingénieur obéit manomètre marqua dix atmosphères cétacé « chauffa » aussi sans doute car sans gêner fila dix-neuf milles trois dixièmes quelle poursuite non puis décrire l'émotion faisait vibrer tout être ned land tenait poste harpon main plusieurs fois l'animal laissa approcher « gagnons gagnons » s'écriait canadien puis moment où disposait frapper cétacé dérobait rapidité puis estimer moins trente milles l'heure pendant maximum vitesse permit-il narguer frégate faisant tour cri fureur s'échappa toutes poitrines a midi n'étions plus avancés huit heures matin commandant farragut décida alors employer moyens plus directs « ah dit-il cet animal-là va plus vite l'_abraham-lincoln_ eh bien allons voir s'il distancera boulets coniques maître hommes pièce l'avant. » canon gaillard immédiatement chargé braqué coup partit boulet passa quelques pieds au-dessus cétacé tenait demi-mille « a autre plus adroit cria commandant cinq cents dollars percera cette infernale bête » vieux canonnier barbe grise —que vois encore —l'œil calme physionomie froide s'approcha pièce mit position visa longtemps forte détonation éclata laquelle mêlèrent hurrahs l'équipage boulet atteignit but frappa l'animal non normalement glissant surface arrondie alla perdre deux milles mer « ah çà dit vieux canonnier rageant gueux-là donc blindé plaques six pouces —malédiction » s'écria commandant farragut chasse recommença commandant farragut penchant vers dit « poursuivrai l'animal jusqu frégate éclate —oui répondis-je raison » pouvait espérer l'animal s'épuiserait qu'il indifférent fatigue comme machine vapeur n'en rien heures s'écoulèrent sans qu'il donnât aucun signe d'épuisement illustration vieux canonnier barbe grise page 39 cependant faut dire louange l'_abraham-lincoln_ qu'il lutta infatigable ténacité n'estime moins cinq cents kilomètres distance qu'il parcourut pendant cette malencontreuse journée 6 novembre nuit vint enveloppa ombres houleux océan moment crus expédition terminée reverrions plus jamais fantastique animal trompais a dix heures cinquante minutes soir clarté électrique réapparut trois milles vent frégate aussi pure aussi intense pendant nuit dernière illustration pendant l'un étendu dos page 44 narwal semblait immobile peut-être fatigué journée dormait-il laissant aller l'ondulation lames là chance dont commandant farragut résolut profiter donna ordres l'_abraham-lincoln_ tenu sous petite vapeur s'avança prudemment éveiller adversaire n'est rare rencontrer plein océan baleines profondément endormies l'on attaque alors succès ned land harponné plus d'une pendant sommeil canadien alla reprendre poste sous-barbes beaupré frégate s'approcha sans bruit stoppa deux encâblures l'animal courut erre respirait plus bord silence profond régnait pont n'étions cent pieds foyer ardent dont l'éclat grandissait éblouissait yeux moment penché lisse gaillard d'avant voyais au-dessous ned land accroché d'une main martingale l'autre brandissant terrible harpon vingt pieds peine séparaient l'animal immobile tout d'un coup bras détendit violemment harpon lancé j'entendis choc sonore l'arme semblait avoir heurté corps dur clarté électrique s'éteignit soudain deux énormes trombes d'eau s'abattirent pont frégate courant comme torrent l'avant l'arrière renversant hommes brisant saisines dromes choc effroyable produisit lancé par-dessus lisse sans avoir temps retenir précipité mer
6,Chapter 7,vii baleine d'espèce inconnue bien j'eusse surpris cette chute inattendue n'en conservai moins impression très-nette sensations d'abord entraîné profondeur vingt pieds environ bon nageur sans prétendre égaler byron edgar poe maîtres plongeon fit point perdre tête deux vigoureux coups talons ramenèrent surface mer premier soin chercher yeux frégate l'équipage s'était-il aperçu disparition l'_abraham-lincoln_ avait-il viré bord commandant farragut mettait-il embarcation mer devais-je espérer d'être sauvé ténèbres profondes j'entrevis masse noire disparaissait vers l'est dont feux position s'éteignirent l'éloignement c'était frégate sentis perdu « a » criai-je nageant vers l'_abraham-lincoln_ d'un bras désespéré vêtements m'embarrassaient l'eau collait corps paralysaient mouvements coulais suffoquais ... « a » dernier cri jetai bouche s'emplit d'eau débattis entraîné l'abîme ... soudain habits saisis main vigoureuse sentis violemment ramené surface mer j'entendis oui j'entendis paroles prononcées oreille « si monsieur veut avoir l'extrême obligeance s'appuyer épaule monsieur nagera beaucoup plus aise. » saisis d'une main bras fidèle conseil « dis-je —moi-même répondit conseil ordres monsieur —et choc a précipité temps mer —nullement service monsieur j'ai suivi monsieur » digne garçon trouvait cela tout naturel « frégate demandai-je —la frégate répondit conseil retournant dos crois monsieur fera bien trop compter —tu dis —je dis qu'au moment où précipitai mer j'entendis hommes barre s'écrier « l'hélice gouvernail brisés ... —brisés —oui brisés dent monstre c'est seule avarie pense l'_abraham-lincoln_ éprouvée circonstance fâcheuse gouverne plus —alors perdus —peut-être répondit tranquillement conseil cependant encore quelques heures devant quelques heures fait bien choses » l'imperturbable sang-froid conseil remonta nageai plus vigoureusement gêné vêtements serraient comme chappe plomb j'éprouvais extrême difficulté soutenir conseil s'en aperçut « monsieur permette faire incision » dit-il glissant couteau ouvert sous habits fendit haut bas d'un coup rapide puis m'en débarrassa lestement tandis nageais tous deux a tour rendis service conseil continuâmes « naviguer » l'un près l'autre cependant situation n'en moins terrible peut-être disparition n'avait-elle remarquée l'eût-elle frégate pouvait revenir sous vent démontée gouvernail fallait donc compter embarcations conseil raisonna froidement cette hypothèse fit plan conséquence étonnante nature phlegmatique garçon là comme chez donc décidé seule chance salut d'être recueillis embarcations l'_abraham-lincoln_ devions organiser manière attendre plus longtemps possible résolus alors diviser forces afin épuiser simultanément voici convenu pendant l'un étendu dos tiendrait immobile bras croisés jambes allongées l'autre nagerait pousserait avant rôle remorqueur devait durer plus dix minutes relayant ainsi pouvions surnager pendant quelques heures peut-être jusqu'au lever jour faible chance l'espoir si fortement enraciné cœur l'homme puis deux enfin l'affirme —bien cela paraisse improbable —si cherchais détruire toute illusion si voulais « désespérer » pouvais collision frégate cétacé s'était produite vers onze heures soir environ comptais donc huit heures nage jusqu'au lever soleil opération rigoureusement praticable relayant mer assez belle fatiguait peu parfois cherchais percer regard épaisses ténèbres rompait seule phosphorescence provoquée mouvements regardais ondes lumineuses brisaient main dont nappe miroitante tachait plaques livides dit plongés bain mercure vers heure matin pris d'une extrême fatigue membres raidirent sous l'étreinte crampes violentes conseil dut soutenir soin conservation reposa seul j'entendis bientôt haleter pauvre garçon respiration devint courte pressée compris qu'il pouvait résister longtemps « laisse-moi laisse-moi dis-je —abandonner monsieur jamais répondit-il compte bien noyer avant » moment lune apparut travers franges d'un gros nuage vent entraînait l'est surface mer étincela sous rayons cette bienfaisante lumière ranima forces tête redressa regards portèrent tous points l'horizon j'aperçus frégate cinq milles formait plus qu'une masse sombre peine appréciable d'embarcations point voulus crier a quoi bon pareille distance lèvres gonflées laissèrent passer aucun conseil put articuler quelques mots l'entendis répéter plusieurs reprises « a » mouvements instant suspendus écoutâmes fût-ce bourdonnements dont sang oppressé emplit l'oreille sembla qu'un cri répondait cri conseil « as-tu entendu murmurai-je —oui oui » conseil jeta l'espace nouvel appel désespéré cette fois d'erreur possible voix humaine répondait nôtre était-ce voix quelque infortuné abandonné milieu l'océan quelque autre victime choc éprouvé navire plutôt embarcation frégate hélait-elle l'ombre conseil fit suprême effort s'appuyant épaule tandis résistais dernière convulsion dressa demi hors l'eau retomba épuisé « qu'as-tu vu —j'ai vu ... murmura-t-il j'ai vu ... parlons ... gardons toutes forces ... » qu'avait-il vu alors sais pourquoi pensée monstre vint première fois l'esprit ... cette voix cependant ... temps plus où jonas réfugient ventre baleines pourtant conseil remorquait encore relevait parfois tête regardait devant jetait cri reconnaissance auquel répondait voix plus plus rapprochée l'entendais peine forces bout doigts s'écartaient main fournissait plus point d'appui bouche convulsivement ouverte s'emplissait d'eau salée froid m'envahissait relevai tête dernière fois puis m'abîmai ... cet instant corps dur heurta cramponnai puis sentis qu'on retirait qu'on ramenait surface l'eau poitrine dégonflait m'évanouis ... certain revins promptement grâce vigoureuses frictions sillonnèrent corps j'entr'ouvris yeux ... « conseil murmurai-je —monsieur a sonné » répondit conseil moment dernières clartés lune s'abaissait vers l'horizon j'aperçus figure n'était celle conseil reconnus aussitôt « ned m'écriai-je —en personne monsieur court après prime répondit canadien —vous précipité mer choc frégate —oui monsieur professeur plus favorisé j'ai pu prendre pied presque immédiatement îlot flottant —un îlot —ou mieux dire narwal gigantesque —expliquez-vous ned —seulement j'ai bientôt compris pourquoi harpon n'avait pu l'entamer s'était émoussé peau —pourquoi ned pourquoi —c'est cette bête-là monsieur professeur faite tôle d'acier » faut ici reprenne esprits revivifie souvenirs contrôle moi-même assertions dernières paroles canadien produit revirement subit cerveau hissai rapidement sommet l'être l'objet demi immergé servait refuge l'éprouvai pied c'était évidemment corps dur impénétrable non cette substance molle forme masse grands mammifères marins corps dur pouvait être carapace osseuse semblable celle animaux antédiluviens j'en quitte classer monstre parmi reptiles amphibies tels tortues alligators eh bien non dos noirâtre supportait lisse poli non imbriqué rendait choc sonorité métallique si incroyable cela semblait dis-je fait plaques boulonnées doute n'était possible l'animal monstre phénomène naturel intrigué monde savant tout entier bouleversé fourvoyé l'imagination marins deux hémisphères fallait bien reconnaître c'était phénomène plus étonnant encore phénomène main d'homme découverte l'existence l'être plus fabuleux plus mythologique n'eût degré surpris raison prodigieux vienne créateur c'est tout simple trouver tout coup sous yeux l'impossible mystérieusement humainement réalisé c'était confondre l'esprit hésiter cependant étendus dos d'une sorte bateau sous-marin présentait autant j'en pouvais juger forme d'un immense poisson d'acier l'opinion ned land faite point conseil pûmes ranger « alors dis-je cet appareil renferme mécanisme locomotion équipage manœuvrer —évidemment répondit harponneur néanmoins depuis trois heures j'habite cette île flottante a donné signe vie —ce bateau a marché —non monsieur aronnax laisse bercer gré lames bouge —nous savons n'en douter cependant qu'il doué d'une grande vitesse or comme faut machine produire cette vitesse mécanicien conduire cette machine j'en conclus ... sauvés —hum » fit ned land d'un réservé moment comme donner raison argumentation bouillonnement fit l'arrière cet étrange appareil dont propulseur évidemment hélice mit mouvement n'eûmes temps accrocher partie supérieure émergeait quatre-vingts centimètres environ très heureusement vitesse n'était excessive « tant qu'il navigue horizontalement murmura ned land n'ai rien dire s'il prend fantaisie plonger donnerais deux dollars peau » moins encore pu dire canadien devenait donc urgent communiquer êtres quelconques renfermés flancs cette machine cherchai surface ouverture panneau « trou d'homme » employer l'expression technique lignes boulons solidement rabattues jointure tôles nettes uniformes d'ailleurs lune disparut alors laissa obscurité profonde fallut attendre jour aviser moyens pénétrer l'intérieur bateau sous-marin ainsi donc salut dépendait uniquement caprice mystérieux timoniers dirigeaient cet appareil s'ils plongeaient perdus cas excepté doutais possibilité d'entrer relations effet s'ils faisaient eux-mêmes air fallait nécessairement qu'ils revinssent temps temps surface l'océan renouveler provision molécules respirables donc nécessité d'une ouverture mettait l'intérieur bateau communication l'atmosphère illustration dos d'un vaisseau sous-marin page 46 quant l'espoir d'être sauvé commandant farragut fallait renoncer complétement entraînés vers l'ouest j'estimai vitesse relativement modérée atteignait douze milles l'heure l'hélice battait flots régularité mathématique émergeant quelquefois faisant jaillir l'eau phosphorescente grande hauteur vers quatre heures matin rapidité l'appareil s'accrut résistions difficilement vertigineux entraînement lorsque lames battaient plein fouet heureusement ned rencontra sous main large organeau fixé partie supérieure dos tôle parvînmes accrocher solidement enfin cette longue nuit s'écoula souvenir incomplet permet d'en retracer toutes impressions seul détail revient l'esprit pendant certaines accalmies mer vent crus entendre plusieurs fois sons vagues sorte d'harmonie fugitive produite accords lointains quel donc mystère cette navigation sous-marine dont monde entier cherchait vainement l'explication quels êtres vivaient cet étrange bateau quel agent mécanique permettait déplacer si prodigieuse vitesse illustration prison s'éclaira soudain page 51 jour parut brumes matin enveloppaient elles tardèrent déchirer j'allais procéder examen attentif coque formait partie supérieure sorte plate-forme horizontale quand sentis s'enfoncer peu peu « eh mille diables s'écria ned land frappant pied tôle sonore ouvrez donc navigateurs peu hospitaliers » difficile faire entendre milieu battements assourdissants l'hélice heureusement mouvement d'immersion s'arrêta soudain bruit ferrures violemment poussées produisit l'intérieur bateau plaque souleva homme parut jeta cri bizarre disparut aussitôt quelques instants après huit solides gaillards visage voilé apparaissaient silencieusement entraînaient formidable machine
7,Chapter 8,viii mobilis in mobile cet enlèvement si brutalement exécuté s'était accompli rapidité l'éclair compagnons n'avions temps reconnaître sais qu'ils éprouvèrent sentant introduits cette prison flottante compte rapide frisson glaça l'épiderme a avions-nous affaire sans doute quelques pirates d'une nouvelle espèce exploitaient mer façon a peine l'étroit panneau fut-il refermé qu'une obscurité profonde m'enveloppa yeux imprégnés lumière extérieure purent rien percevoir sentis pieds nus cramponner échelons d'une échelle fer ned land conseil vigoureusement saisis suivaient bas l'échelle porte s'ouvrit referma immédiatement retentissement sonore seuls où pouvais dire peine l'imaginer tout noir d'un noir si absolu qu'après quelques minutes yeux n'avaient encore pu saisir lueurs indéterminées flottent plus profondes nuits cependant ned land furieux façons procéder donnait libre cours indignation « mille diables s'écriait-il voilà gens remontreraient calédoniens l'hospitalité manque plus d'être anthropophages n'en surpris déclare l'on mangera sans proteste —calmez-vous ami ned calmez-vous répondit tranquillement conseil emportez avant l'heure encore rotissoire —dans rotissoire non riposta canadien four coup sûr fait assez noir heureusement « bowie-knife 4 » a quitté vois toujours assez clair m'en servir premier bandits met main ... 4 couteau large lame qu'un américain porte toujours —ne irritez ned dis-je alors harponneur compromettez point d'inutiles violences sait si écoute tâchons plutôt savoir où » marchai tâtonnant après cinq rencontrai muraille fer faite tôles boulonnées puis retournant heurtai table bois près laquelle rangés plusieurs escabeaux plancher cette prison dissimulait sous épaisse natte phormium assourdissait bruit murs nus révélaient aucune trace porte ni fenêtre conseil faisant tour sens inverse rejoignit revînmes milieu cette cabine devait avoir vingt pieds long dix pieds large quant hauteur ned land malgré grande taille put mesurer demi-heure s'était déjà écoulée sans situation modifiée quand d'une extrême obscurité yeux passèrent subitement plus violente lumière prison s'éclaira soudain c'est-à-dire qu'elle s'emplit d'une matière lumineuse tellement vive pus d'abord supporter l'éclat a blancheur intensité reconnus cet éclairage électrique produisait autour bateau sous-marin comme magnifique phénomène phosphorescence après avoir involontairement fermé yeux rouvris vis l'agent lumineux s'échappait d'un demi-globe dépoli s'arrondissait partie supérieure cabine « enfin voit clair s'écria ned land couteau main tenait défensive —oui répondis-je risquant l'antithèse situation n'en moins obscure —que monsieur prenne patience » dit l'impassible conseil soudain éclairage cabine m'avait permis d'en examiner moindres détails contenait table cinq escabeaux porte invisible devait être hermétiquement fermée aucun bruit n'arrivait oreille tout semblait mort l'intérieur bateau marchait-il maintenait-il surface l'océan s'enfonçait-il profondeurs pouvais deviner cependant globe lumineux s'était allumé sans raison j'espérais donc hommes l'équipage tarderaient montrer quand veut oublier gens n'éclaire oubliettes trompais bruit verrous fit entendre porte s'ouvrit deux hommes parurent l'un petite taille vigoureusement musclé large d'épaules robuste membres tête forte chevelure abondante noire moustache épaisse regard vif pénétrant toute personne empreinte cette vivacité méridionale caractérise france populations provençales diderot a très-justement prétendu geste l'homme métaphorique petit homme certainement preuve vivante sentait langage habituel devait prodiguer prosopopées métonymies hypallages d'ailleurs jamais vérifier car employa toujours devant idiome singulier absolument incompréhensible second inconnu mérite description plus détaillée disciple gratiolet d'engel lu physionomie livre ouvert reconnus sans hésiter qualités dominantes —la confiance car tête dégageait noblement l'arc formé ligne épaules yeux noirs regardaient froide assurance —le calme car peau pâle plutôt colorée annonçait tranquillité sang —l'énergie démontrait rapide contraction muscles sourcilliers —le courage enfin car vaste respiration dénotait grande expansion vitale j'ajouterai cet homme fier regard ferme calme semblait refléter hautes pensées tout cet ensemble l'homogénéité expressions gestes corps visage suivant l'observation physionomistes résultait indiscutable franchise sentis « involontairement » rassuré présence j'augurai bien entrevue personnage avait-il trente-cinq cinquante ans n'aurais pu préciser taille haute front large nez droit bouche nettement dessinée dents magnifiques mains fines allongées éminemment « psychiques » employer mot chirognomonie c'est-à-dire dignes servir âme haute passionnée cet homme formait certainement plus admirable type j'eusse jamais rencontré détail particulier yeux peu écartés l'un l'autre pouvaient embrasser simultanément près d'un quart l'horizon cette faculté —je l'ai vérifié plus tard —se doublait d'une puissance vision encore supérieure celle ned land lorsque cet inconnu fixait objet ligne sourcils fronçait larges paupières rapprochaient manière circonscrire pupille yeux rétrécir ainsi l'étendue champ visuel regardait quel regard comme grossissait objets rapetissés l'éloignement comme pénétrait jusqu l'âme comme perçait nappes liquides si opaques yeux comme lisait plus profond mers ... deux inconnus coiffés bérets faits d'une fourrure loutre marine chaussés bottes mer peau phoque portaient vêtements d'un tissu particulier dégageaient taille laissaient grande liberté mouvements plus grand deux —évidemment chef bord —nous examina extrême attention sans prononcer parole puis retournant vers compagnon s'entretint langue pus reconnaître c'était idiome sonore harmonieux flexible dont voyelles semblaient soumises accentuation très-variée l'autre répondit hochement tête ajouta deux trois mots parfaitement incompréhensibles puis regard parut m'interroger directement répondis bon français n'entendais point langage sembla comprendre situation devint assez embarrassante « monsieur raconte toujours histoire dit conseil messieurs saisiront peut-être quelques mots » recommençai récit aventures articulant nettement toutes syllabes sans omettre seul détail déclinai noms qualités puis présentai formes professeur aronnax domestique conseil maître ned land harponneur l'homme yeux doux calmes m'écouta tranquillement poliment attention remarquable rien physionomie n'indiqua qu'il compris histoire quand j'eus fini prononça seul mot restait encore ressource parler anglais peut-être ferait-on entendre cette langue peu près universelle connaissais ainsi langue allemande d'une manière suffisante lire couramment non parler correctement or ici fallait surtout faire comprendre « allons tour dis-je harponneur a maître land tirez sac meilleur anglais qu'ait jamais parlé anglo-saxon tâchez d'être plus heureux moi. » ned fit prier recommença récit compris peu près fond forme différa canadien emporté caractère mit beaucoup d'animation plaignit violemment d'être emprisonné mépris droit gens demanda vertu quelle loi retenait ainsi invoqua _l'habeas corpus_ menaça poursuivre ceux séquestraient indûment démena gesticula cria finalement fit comprendre geste expressif mourions faim parfaitement vrai l'avions peu près oublié a grande stupéfaction harponneur parut avoir plus intelligible visiteurs sourcillèrent évident qu'ils comprenaient ni langue d'arago ni celle faraday fort embarrassé après avoir épuisé vainement ressources philologiques savais plus quel parti prendre quand conseil dit « si monsieur autorise raconterai chose allemand —comment sais l'allemand m'écriai-je —comme flamand n'en déplaise monsieur —cela plaît contraire va garçon. » conseil voix tranquille raconta troisième fois diverses péripéties histoire malgré élégantes tournures belle accentuation narrateur langue allemande n'eut aucun succès enfin poussé bout rassemblai tout restait premières études j'entrepris narrer aventures latin cicéron bouché oreilles m'eût renvoyé cuisine cependant parvins m'en tirer résultat négatif cette dernière tentative définitivement avortée deux inconnus échangèrent quelques mots incompréhensible langage retirèrent sans avoir adressé gestes rassurants cours tous pays monde porte referma « c'est infamie s'écria ned land éclata vingtième fois comment parle français anglais allemand latin coquins-là n'en civilité répondre —calmez-vous ned dis-je bouillant harponneur colère mènerait rien —mais savez-vous monsieur professeur reprit irascible compagnon l'on mourrait parfaitement faim cette cage fer —bah fit conseil philosophie peut encore tenir longtemps —mes amis dis-je faut désespérer trouvés plus mauvaises passes faites-moi donc plaisir d'attendre former opinion commandant l'équipage bateau —mon opinion toute faite riposta ned land coquins ... —bon quel pays —du pays coquins —mon brave ned pays-là n'est encore suffisamment indiqué mappemonde j'avoue nationalité deux inconnus difficile déterminer ni anglais ni français ni allemands voilà tout l'on peut affirmer cependant tenté d'admettre commandant second nés sous basses latitudes a méridional sont-ils espagnols turcs arabes indiens c'est type physique permet décider quant langage absolument incompréhensible —voilà désagrément savoir toutes langues répondit conseil désavantage avoir langue unique —ce servirait rien répondit ned land voyez-vous gens-là langage langage inventé désespérer braves gens demandent dîner tous pays terre ouvrir bouche remuer mâchoires happer dents lèvres est-ce cela comprend reste est-ce cela veut dire québec comme pomotou paris comme antipodes j'ai faim donnez-moi manger ... —oh fit conseil a natures si inintelligentes ... » comme disait mots porte s'ouvrit stewart 5 entra apportait vêtements vestes culottes mer faites d'une étoffe dont reconnus nature hâtai revêtir compagnons m'imitèrent 5 domestique bord d'un steamer pendant temps stewart —muet sourd peut-être —avait disposé table placé trois couverts « voilà quelque chose sérieux dit conseil cela s'annonce bien —bah répondit rancunier harponneur diable voulez-vous qu'on mange ici foie tortue filet requin beefteak chien mer —nous verrons bien » dit conseil illustration personnage avait-il trente-cinq cinquante ans page 52 plats recouverts cloche d'argent symétriquement posés nappe prîmes place table décidément affaire gens civilisés sans lumière électrique inondait cru salle manger l'hôtel adelphi liverpool grand-hôtel paris dois dire toutefois pain vin manquaient totalement l'eau fraîche limpide c'était l'eau —ce goût ned land parmi mets servis reconnus divers poissons délicatement apprêtés certains plats excellents d'ailleurs pus prononcer n'aurais su dire quel règne végétal animal contenu appartenait quant service table élégant d'un goût parfait chaque ustensile cuiller fourchette couteau assiette portait lettre entourée d'une devise exergue dont voici _fac-simile_ exact mobilis in mobili _mobile l'élément mobile cette devise s'appliquait justement cet appareil sous-marin condition traduire préposition _in_ _dans_ non _sur_ lettre formait sans doute l'initiale nom l'énigmatique personnage commandait fond mers illustration deux compagnons s'étendirent tapis page 58 ned conseil faisaient tant réflexions dévoraient tardai imiter j'étais d'ailleurs rassuré sort paraissait évident hôtes voulaient laisser mourir d'inanition cependant tout finit ici-bas tout passe faim gens n'ont mangé depuis quinze heures appétit satisfait besoin sommeil fit impérieusement sentir réaction bien naturelle après l'interminable nuit pendant laquelle lutté contre mort « foi dormirais bien dit conseil —et dors » répondit ned land deux compagnons s'étendirent tapis cabine bientôt plongés profond sommeil compte cédai moins facilement violent besoin dormir trop pensées s'accumulaient esprit trop questions insolubles pressaient trop d'images tenaient paupières entr'ouvertes où étions-nous quelle étrange puissance emportait sentais —ou plutôt croyais sentir —l'appareil s'enfoncer vers couches plus reculées mer violents cauchemars m'obsédaient j'entrevoyais mystérieux asiles tout monde d'animaux inconnus dont bateau sous-marin semblait être congénère vivant mouvant formidable comme ... puis cerveau calma imagination fondit vague somnolence tombai bientôt morne sommeil
8,Chapter 9,ix colères ned land quelle durée sommeil l'ignore dut être long car reposa complétement fatigues réveillai premier compagnons n'avaient encore bougé demeuraient étendus coin comme masses inertes a peine relevé cette couche passablement dure sentis cerveau dégagé esprit net recommençai alors examen attentif cellule rien n'était changé dispositions intérieures prison restée prison prisonniers prisonniers cependant stewart profitant sommeil desservi table rien n'indiquait donc modification prochaine cette situation demandai sérieusement si destinés vivre indéfiniment cette cage cette perspective sembla d'autant plus pénible si cerveau libre obsessions veille sentais poitrine singulièrement oppressée respiration faisait difficilement l'air lourd suffisait plus jeu poumons bien cellule vaste évident consommé grande partie l'oxygène qu'elle contenait effet chaque homme dépense heure l'oxygène renfermé cent litres d'air cet air chargé alors d'une quantité presque égale d'acide carbonique devient irrespirable donc urgent renouveler l'atmosphère prison sans doute aussi l'atmosphère bateau sous-marin là posait question esprit comment procédait commandant cette demeure flottante obtenait-il l'air moyens chimiques dégageant chaleur l'oxygène contenu chlorate potasse absorbant l'acide carbonique potasse caustique cas devait avoir conservé quelques relations continents afin procurer matières nécessaires cette opération bornait-il seulement emmagasiner l'air sous hautes pressions réservoirs puis répandre suivant besoins équipage peut-être procédé plus commode plus économique conséquent plus probable contentait-il revenir respirer surface eaux comme cétacé renouveler vingt-quatre heures provision d'atmosphère quoi qu'il quelle méthode paraissait prudent l'employer sans retard effet j'étais déjà réduit multiplier inspirations extraire cette cellule peu d'oxygène qu'elle renfermait quand soudain rafraîchi courant d'air pur tout parfumé d'émanations salines c'était bien brise mer vivifiante chargée d'iode j'ouvris largement bouche poumons saturèrent fraîches molécules temps sentis balancement roulis médiocre amplitude parfaitement déterminable bateau monstre tôle venait évidemment remonter surface l'océan respirer façon baleines mode ventilation navire donc parfaitement reconnu lorsque j'eus absorbé cet air pur pleine poitrine cherchai conduit « l'aérifère » si l'on veut laissait arriver jusqu cette bienfaisante effluve tardai trouver au-dessus porte s'ouvrait trou d'aérage laissant passer fraîche colonne d'air renouvelait ainsi l'atmosphère appauvrie cellule j'en là observations quand ned conseil s'éveillèrent presque temps sous l'influence cette aération revivifiante frottèrent yeux détirèrent bras pied instant « monsieur a bien dormi demanda conseil politesse quotidienne —fort bien brave garçon répondis-je maître ned land —profondément monsieur professeur sais si trompe semble respire comme brise mer » marin pouvait méprendre racontai canadien s'était passé pendant sommeil « bon dit-il cela explique parfaitement mugissements entendions lorsque prétendu narwal trouvait vue l'_abraham-lincoln_ —parfaitement maître land c'était respiration —seulement monsieur aronnax n'ai aucune idée l'heure qu'il moins l'heure dîner —l'heure dîner digne harponneur dites moins l'heure déjeuner car certainement lendemain d'hier —ce démontre répondit conseil pris vingt-quatre heures sommeil —c'est avis répondis-je —je contredis point répliqua ned land dîner déjeuner stewart bien venu qu'il apporte l'un l'autre —l'un l'autre dit conseil —juste répondit canadien droit deux repas compte ferai honneur tous deux —eh bien ned attendons répondis-je évident inconnus n'ont l'intention laisser mourir faim car cas dîner d'hier soir n'aurait aucun sens —a moins qu'on engraisse riposta ned —je proteste répondis-je point tombés entre mains cannibales —une fois n'est coutume répondit sérieusement canadien sait si gens-là privés depuis longtemps chair fraîche cas trois particuliers sains bien constitués comme monsieur professeur domestique ... —chassez idées maître land répondis-je harponneur surtout partez là emporter contre hôtes pourrait qu'aggraver situation —en tous cas dit harponneur j'ai faim tous diables dîner déjeuner repas n'arrive guère —maître land répliquai-je faut conformer règlement bord suppose estomac avance cloche maître-coq —eh bien mettra l'heure répondit tranquillement conseil —je reconnais là ami conseil riposta l'impatient canadien usez peu bile nerfs toujours calme capable dire grâces avant bénédicité mourir faim plutôt plaindre —a quoi cela servirait-il demanda conseil —mais cela servirait plaindre c'est déjà quelque chose si pirates —je dis pirates respect contrarier monsieur professeur défend appeler cannibales —si pirates figurent qu'ils vont garder cette cage où j'étouffe sans apprendre quels jurons j'assaisonne emportements trompent voyons monsieur aronnax parlez franchement croyez-vous qu'ils tiennent longtemps cette boîte fer —a dire vrai n'en sais plus long ami land —mais enfin supposez-vous —je suppose hasard a rendus maîtres d'un secret important or si l'équipage bateau sous-marin a intérêt garder si cet intérêt plus grave vie trois hommes crois existence très-compromise cas contraire première occasion monstre a engloutis rendra monde habité semblables —a moins qu'il enrôle parmi équipage dit conseil qu'il garde ainsi ... —jusqu'au moment répliqua ned land où quelque frégate plus rapide plus adroite l'_abraham-lincoln_ s'emparera nid forbans enverra équipage respirer dernière fois bout grand'vergue —bien raisonné maître land répliquai-je a encore fait sache proposition cet égard inutile donc discuter parti devrons prendre cas échéant répète attendons prenons conseil circonstances faisons rien puisqu'il a rien faire —au contraire monsieur professeur répondit harponneur n'en voulait démordre faut faire quelque chose —eh quoi donc maître land —nous sauver —se sauver d'une prison « terrestre » souvent difficile d'une prison sous-marine cela paraît absolument impraticable —allons ami ned demanda conseil répondez-vous l'objection monsieur puis croire qu'un américain jamais bout ressources » harponneur visiblement embarrassé taisait fuite conditions où hasard jetés absolument impossible canadien demi français maître ned land fit bien voir réponse « ainsi monsieur aronnax reprit-il après quelques instants réflexion devinez doivent faire gens peuvent s'échapper prison —non ami —c'est bien simple faut qu'ils s'arrangent manière rester —parbleu fit conseil vaut encore mieux être dedans dessus dessous —mais après avoir jeté dehors geôliers porte-clefs gardiens ajouta ned land —quoi ned songeriez sérieusement emparer bâtiment —très-sérieusement répondit canadien —c'est impossible —pourquoi donc monsieur peut présenter quelque chance favorable vois pourrait empêcher d'en profiter s'ils qu'une vingtaine d'hommes bord cette machine feront reculer deux français canadien suppose » mieux valait admettre proposition harponneur discuter aussi contentai-je répondre « laissons venir circonstances maître land verrons jusque-là prie contenez impatience peut agir ruse n'est emportant ferez naître chances favorables promettez-moi donc accepterez situation sans trop colère —je promets monsieur professeur répondit ned land d'un peu rassurant mot violent sortira bouche geste brutal trahira quand bien service table ferait toute régularité désirable —j'ai parole ned » répondis-je canadien puis conversation suspendue chacun mit réfléchir part soi j'avouerai compte malgré l'assurance harponneur conservais aucune illusion n'admettais chances favorables dont ned land parlé être si sûrement manœuvré bateau sous-marin exigeait nombreux équipage conséquemment cas d'une lutte affaire trop forte partie d'ailleurs fallait avant tout être libres l'étions voyais aucun moyen fuir cette cellule tôle si hermétiquement fermée peu l'étrange commandant bateau secret garder —ce paraissait moins probable —il laisserait agir librement bord maintenant débarrasserait-il violence jetterait-il jour quelque coin terre c'était là l'inconnu toutes hypothèses semblaient extrêmement plausibles fallait être harponneur espérer reconquérir liberté compris d'ailleurs idées ned land s'aigrissaient réflexions s'emparaient cerveau j'entendais peu peu jurons gronder fond gosier voyais gestes redevenir menaçants levait tournait comme bête fauve cage frappait murs pied poing d'ailleurs temps s'écoulait faim faisait cruellement sentir cette fois stewart paraissait c'était oublier trop longtemps position naufragés si l'on réellement bonnes intentions égard ned land tourmenté tiraillements robuste estomac montait plus plus malgré parole craignais véritablement explosion lorsqu'il trouverait présence l'un hommes bord pendant deux heures encore colère ned land s'exalta canadien appelait criait vain murailles tôle sourdes n'entendais aucun bruit l'intérieur bateau semblait mort bougeait car j'aurais évidemment senti frémissements coque sous l'impulsion l'hélice plongé sans doute l'abîme eaux n'appartenait plus terre tout morne silence effrayant quant abandon isolement fond cette cellule n'osais estimer qu'il pourrait durer espérances j'avais conçues après entrevue commandant bord s'effaçaient peu peu douceur regard cet homme l'expression généreuse physionomie noblesse maintien tout disparaissait souvenir revoyais cet énigmatique personnage tel qu'il devait être nécessairement impitoyable cruel sentais en-dehors l'humanité inaccessible tout sentiment pitié implacable ennemi semblables auxquels dû vouer impérissable haine illustration canadien s'était précipité malheureux page 64 cet homme allait-il donc laisser périr d'inanition enfermés cette prison étroite livrés horribles tentations auxquelles pousse faim farouche cette affreuse pensée prit esprit intensité terrible l'imagination aidant sentis envahir épouvante insensée conseil restait calme ned land rugissait moment bruit fit entendre extérieurement résonnèrent dalle métal serrures fouillées porte s'ouvrit stewart parut avant j'eusse fait mouvement l'en empêcher canadien s'était précipité malheureux l'avait renversé tenait gorge stewart étouffait sous main puissante illustration stewart sortit chancelant page 66 conseil cherchait déjà retirer mains harponneur victime demi suffoquée j'allais joindre efforts siens quand subitement cloué place mots prononcés français « calmez-vous maître land monsieur professeur veuillez m'écouter »
9,Chapter 10,x l'homme eaux c'était commandant bord parlait ainsi a mots ned land releva subitement stewart presque étranglé sortit chancelant signe maître tel l'empire commandant bord geste trahit ressentiment dont cet homme devait être animé contre canadien conseil intéressé malgré stupéfait attendions silence dénouement cette scène commandant appuyé l'angle table bras croisés observait profonde attention hésitait-il parler regrettait-il mots qu'il venait prononcer français pouvait croire après quelques instants d'un silence qu'aucun songea interrompre « messieurs dit-il d'une voix calme pénétrante parle également français l'anglais l'allemand latin j'aurais donc pu répondre dès première entrevue voulais connaître d'abord réfléchir ensuite quadruple récit absolument semblable fond a affirmé l'identité personnes sais maintenant hasard a mis présence monsieur pierre aronnax professeur d'histoire naturelle muséum paris chargé d'une mission scientifique l'étranger conseil domestique ned land d'origine canadienne harponneur bord frégate l'_abraham-lincoln_ marine nationale états-unis d'amérique. » m'inclinai d'un air d'assentiment n'était question posait commandant donc réponse faire cet homme s'exprimait aisance parfaite sans aucun accent phrase nette mots justes facilité d'élocution remarquable cependant « sentais » compatriote reprit conversation termes « trouvé sans doute monsieur j'ai longtemps tardé rendre cette seconde visite c'est identité reconnue voulais peser mûrement parti prendre envers j'ai beaucoup hésité plus fâcheuses circonstances mis présence d'un homme a rompu l'humanité venu troubler existence ... —involontairement dis-je —involontairement répondit l'inconnu forçant peu voix est-ce involontairement l'_abraham-lincoln_ chasse toutes mers est-ce involontairement pris passage bord cette frégate est-ce involontairement boulets rebondi coque navire est-ce involontairement maître ned land a frappé harpon » surpris paroles irritation contenue récriminations j'avais réponse toute naturelle faire fis « monsieur dis-je ignorez sans doute discussions lieu sujet amérique europe savez divers accidents provoqués choc appareil sous-marin ému l'opinion publique deux continents fais grâce hypothèses sans nombre lesquelles cherchait expliquer l'inexplicable phénomène dont seul secret sachez qu'en poursuivant jusque hautes mers pacifique l'_abraham-lincoln_ croyait chasser quelque puissant monstre marin dont fallait tout prix délivrer l'océan. » demi-sourire détendit lèvres commandant puis d'un plus calme « monsieur aronnax répondit-il oseriez-vous affirmer frégate n'aurait poursuivi canonné bateau sous-marin aussi bien qu'un monstre » cette question m'embarrassa car certainement commandant farragut n'eût hésité cru devoir détruire appareil genre tout comme narwal gigantesque « comprenez donc monsieur reprit l'inconnu j'ai droit traiter ennemis. » répondis rien cause a quoi bon discuter proposition semblable quand force peut détruire meilleurs arguments « j'ai longtemps hésité reprit commandant rien m'obligeait donner l'hospitalité si devais séparer n'avais aucun intérêt revoir remettais plate-forme navire servi refuge m'enfonçais sous mers j'oubliais jamais existé n'était-ce droit —c'était peut-être droit d'un sauvage répondis-je n'était celui d'un homme civilisé —monsieur professeur répliqua vivement commandant appelez homme civilisé j'ai rompu société toute entière raisons seul j'ai droit d'apprécier n'obéis donc point règles engage jamais invoquer devant » ceci dit nettement éclair colère dédain allumé yeux l'inconnu vie cet homme j'entrevis passé formidable non-seulement s'était mis en-dehors lois humaines s'était fait indépendant libre plus rigoureuse acception mot hors toute atteinte donc oserait poursuivre fond mers puisque surface déjouait efforts tentés contre quel navire résisterait choc monitor sous-marin quelle cuirasse si épaisse qu'elle supporterait coups éperon nul entre hommes pouvait demander compte œuvres dieu s'il croyait conscience s'il seuls juges dont pût dépendre réflexions traversèrent rapidement esprit pendant l'étrange personnage taisait absorbé comme retiré lui-même considérais effroi mélangé d'intérêt sans doute ainsi qu'œdipe considérait sphinx après assez long silence commandant reprit parole « j'ai donc hésité dit-il j'ai pensé intérêt pouvait s'accorder cette pitié naturelle laquelle tout être humain a droit resterez bord puisque fatalité a jetés libres échange cette liberté toute relative d'ailleurs imposerai qu'une seule condition parole soumettre suffira —parlez monsieur répondis-je pense cette condition celles qu'un honnête homme peut accepter —oui monsieur voici possible certains événements imprévus m'obligent consigner cabines quelques heures quelques jours suivant cas désirant jamais employer violence j'attends cas plus encore tous autres obéissance passive agissant ainsi couvre responsabilité dégage entièrement car c'est mettre l'impossibilité voir doit être vu acceptez-vous cette condition » passait donc bord choses tout moins singulières devaient point voir gens s'étaient mis hors lois sociales entre surprises l'avenir ménageait celle-ci devait être moindre « acceptons répondis-je seulement demanderai monsieur permission adresser question seule —parlez monsieur —vous dit libres bord —entièrement —je demanderai donc entendez cette liberté —mais liberté d'aller venir voir d'observer tout passe ici —sauf quelques circonstances rares —la liberté enfin dont jouissons nous-mêmes compagnons moi. » évident entendions point « pardon monsieur repris-je cette liberté n'est celle tout prisonnier a parcourir prison peut suffire —il faudra cependant qu'elle suffise —quoi devons renoncer jamais revoir patrie amis parents —oui monsieur renoncer reprendre cet insupportable joug terre hommes croient être liberté n'est peut-être aussi pénible pensez —par exemple s'écria ned land jamais donnerai parole chercher sauver —je demande parole maître land répondit froidement commandant —monsieur répondis-je emporté malgré abusez situation envers c'est cruauté —non monsieur c'est clémence prisonniers après combat garde quand pourrais d'un mot replonger abîmes l'océan m'avez attaqué venus surprendre secret nul homme monde doit pénétrer secret toute existence croyez vais renvoyer cette terre doit plus connaître jamais retenant n'est garde c'est moi-même » paroles indiquaient part commandant parti pris contre lequel prévaudrait aucun argument « ainsi monsieur repris-je donnez tout simplement choisir entre vie mort —tout simplement —mes amis dis-je question ainsi posée a rien répondre aucune parole lie maître bord —aucune monsieur » répondit l'inconnu puis d'une voix plus douce reprit « maintenant permettez-moi d'achever j'ai dire connais monsieur aronnax sinon compagnons n'aurez peut-être tant plaindre hasard lie sort trouverez parmi livres servent études favorites cet ouvrage publié grands fonds mer l'ai souvent lu poussé œuvre aussi loin permettait science terrestre savez tout n'avez tout vu laissez-moi donc dire monsieur professeur regretterez temps passé bord allez voyager pays merveilles l'étonnement stupéfaction probablement l'état habituel esprit blaserez facilement spectacle incessamment offert yeux vais revoir nouveau tour monde sous-marin —qui sait dernier peut-être —tout j'ai pu étudier fond mers tant fois parcourues compagnon d'études a partir jour entrez nouvel élément verrez a vu encore aucun homme —car miens comptons plus —et planète grâce va livrer derniers secrets. » puis nier paroles commandant firent grand effet j'étais pris là faible j'oubliai instant contemplation choses sublimes pouvait valoir liberté perdue d'ailleurs comptais l'avenir trancher cette grave question aussi contentai répondre « monsieur si brisé l'humanité veux croire n'avez renié tout sentiment humain naufragés charitablement recueillis bord l'oublierons quant méconnais si l'intérêt science pouvait absorber jusqu'au besoin liberté promet rencontre m'offrirait grandes compensations. » pensais commandant allait tendre main sceller traité n'en fit rien regrettai « dernière question dis-je moment où cet être inexplicable semblait vouloir retirer —parlez monsieur professeur —de quel nom dois-je appeler —monsieur répondit commandant capitaine nemo compagnons n'êtes passagers _nautilus_. » capitaine nemo appela stewart parut capitaine donna ordres cette langue étrangère pouvais reconnaître puis tournant vers canadien conseil « repas attend cabine dit-il veuillez suivre cet homme —ça n'est refus » répondit harponneur conseil sortirent enfin cette cellule où renfermés depuis plus trente heures « maintenant monsieur aronnax déjeuner prêt permettez-moi précéder —a ordres capitaine. » suivis capitaine nemo dès j'eus franchi porte pris sorte couloir électriquement éclairé semblable coursives d'un navire après parcours d'une dizaine mètres seconde porte s'ouvrit devant j'entrai alors salle manger ornée meublée goût sévère hauts dressoirs chêne incrustés d'ornements d'ébène s'élevaient deux extrémités cette salle leurs rayons ligne ondulée étincelaient faïences porcelaines verreries d'un prix inestimable vaisselle plate resplendissait sous rayons versait plafond lumineux dont fines peintures tamisaient adoucissaient l'éclat centre salle table richement servie capitaine nemo m'indiqua place devais occuper « asseyez-vous dit-il mangez comme homme doit mourir faim. » déjeuner composait d'un certain nombre plats dont mer seule fourni contenu quelques mets dont j'ignorais nature provenance j'avouerai c'était bon goût particulier auquel m'habituai facilement divers aliments parurent riches phosphore pensai qu'ils devaient avoir origine marine capitaine nemo regardait demandai rien devina pensées répondit lui-même questions brûlais adresser « plupart mets inconnus dit-il cependant pouvez user sans crainte sains nourrissants depuis longtemps j'ai renoncé aliments terre m'en porte plus mal équipage vigoureux nourrit autrement —ainsi dis-je tous aliments produits mer —oui monsieur professeur mer fournit tous besoins tantôt mets filets traîne retire prêts rompre tantôt vais chasser milieu cet élément paraît être inaccessible l'homme force gibier gîte forêts sous-marines troupeaux comme ceux vieux pasteur neptune paissent sans crainte immenses prairies l'océan j'ai là vaste propriété j'exploite moi-même toujours ensemencée main créateur toutes choses. » illustration j'entrai alors salle manger page 71 regardai capitaine nemo certain étonnement répondis « comprends parfaitement monsieur filets fournissent d'excellents poissons table comprends moins poursuiviez gibier aquatique forêts sous-marines comprends plus tout qu'une parcelle viande si petite qu'elle figure menu illustration c'était bibliothèque page 75 —aussi monsieur répondit capitaine nemo fais-je jamais usage chair animaux terrestres —ceci cependant repris-je désignant plat où restaient encore quelques tranches filet —ce croyez être viande monsieur professeur n'est autre chose filet tortue mer voici également quelques foies dauphin prendriez ragoût porc cuisinier habile préparateur excelle conserver produits variés l'océan goûtez tous mets voici conserve d'holoturies qu'un malais déclarerait sans rivale monde voilà crème dont lait a fourni mamelle cétacés sucre grands fucus mer nord enfin permettez-moi offrir confitures d'anémones valent celles fruits plus savoureux. » goûtais plutôt curieux qu'en gourmet tandis capitaine nemo m'enchantait invraisemblables récits « cette mer monsieur aronnax dit-il cette nourrice prodigieuse inépuisable nourrit seulement vêtit encore étoffes couvrent tissées byssus certains coquillages elles teintes pourpre anciens nuancées couleurs violettes j'extrais aplysis méditerranée parfums trouverez toilette cabine produit distillation plantes marines lit fait plus doux zostère l'océan plume fanon baleine encre liqueur sécrétée seiche l'encornet tout vient maintenant mer comme tout retournera jour —vous aimez mer capitaine —oui l'aime mer tout couvre sept dixièmes globe terrestre souffle pur sain c'est l'immense désert où l'homme n'est jamais seul car sent frémir vie côtés mer n'est véhicule d'une surnaturelle prodigieuse existence n'est mouvement amour c'est l'infini vivant comme a dit poëtes effet monsieur professeur nature manifeste trois règnes minéral végétal animal dernier largement représenté quatre groupes zoophytes trois classes articulés cinq classes mollusques trois classes vertébrés mammifères reptiles innombrables légions poissons ordre infini d'animaux compte plus treize mille espèces dont dixième seulement appartient l'eau douce mer vaste réservoir nature c'est mer globe a ainsi dire commencé sait s'il finira là suprême tranquillité mer n'appartient despotes a surface peuvent encore exercer droits iniques battre dévorer transporter toutes horreurs terrestres trente pieds au-dessous niveau pouvoir cesse influence s'éteint puissance disparaît ah monsieur vivez vivez sein mers là seulement l'indépendance là reconnais maîtres là libre » capitaine nemo tut subitement milieu cet enthousiasme débordait s'était-il laissé entraîner au-delà réserve habituelle avait-il trop parlé pendant quelques instants promena très-agité puis nerfs calmèrent physionomie reprit froideur accoutumée tournant vers « maintenant monsieur professeur dit-il si voulez visiter _nautilus_ ordres »
10,Chapter 11,xi _nautilus_ capitaine nemo leva suivis double porte ménagée l'arrière salle s'ouvrit j'entrai chambre dimension égale celle venais quitter c'était bibliothèque hauts meubles palissandre noir incrustés cuivres supportaient leurs larges rayons grand nombre livres uniformément reliés suivaient contour salle terminaient partie inférieure vastes divans capitonnés cuir marron offraient courbes plus confortables légers pupitres mobiles s'écartant rapprochant volonté permettaient poser livre lecture centre dressait vaste table couverte brochures entre lesquelles apparaissaient quelques journaux déjà vieux lumière électrique inondait tout cet harmonieux ensemble tombait quatre globes dépolis demi engagés volutes plafond regardais admiration réelle cette salle si ingénieusement aménagée pouvais croire yeux « capitaine nemo dis-je hôte venait s'étendre divan voilà bibliothèque ferait honneur plus d'un palais continents vraiment émerveillé quand songe qu'elle peut suivre plus profond mers —où trouverait-on plus solitude plus silence monsieur professeur répondit capitaine nemo cabinet muséum offre-t-il repos aussi complet —non monsieur dois ajouter qu'il bien pauvre auprès vôtre possédez là six sept mille volumes ... —douze mille monsieur aronnax seuls liens rattachent terre monde a fini jour où _nautilus_ s'est plongé première fois sous eaux jour-là j'ai acheté derniers volumes dernières brochures derniers journaux depuis lors veux croire l'humanité a plus ni pensé ni écrit livres monsieur professeur d'ailleurs disposition pourrez user librement. » remerciai capitaine nemo m'approchai rayons bibliothèque livres science morale littérature écrits toute langue abondaient vis seul ouvrage d'économie politique semblaient être sévèrement proscrits bord détail curieux tous livres indistinctement classés quelque langue qu'ils écrits mélange prouvait capitaine _nautilus_ devait lire couramment volumes main prenait hasard parmi ouvrages remarquai chefs-d'œuvre maîtres anciens modernes c'est-à-dire tout l'humanité a produit plus beau l'histoire poésie roman science depuis homère jusqu victor hugo depuis xénophon jusqu michelet depuis rabelais jusqu madame sand science plus particulièrement faisait frais cette bibliothèque livres mécanique balistique d'hydrographie météorologie géographie géologie etc. tenaient place non moins importante ouvrages d'histoire naturelle compris qu'ils formaient principale étude capitaine vis là tout humboldt tout l'arago travaux foucault d'henry sainte-claire deville chasles milne-edwards quatrefages tyndall faraday berthelot l'abbé secchi petermann commandant maury d'agassis etc. mémoires l'académie sciences bulletins diverses sociétés géographie etc. bon rang deux volumes m'avaient peut-être valu cet accueil relativement charitable capitaine nemo parmi œuvres joseph bertrand livre intitulé _fondateurs l'astronomie_ donna date certaine comme savais qu'il paru courant 1865 pus conclure l'installation _nautilus_ remontait époque postérieure ainsi donc depuis trois ans plus capitaine nemo commencé existence sous-marine j'espérai d'ailleurs ouvrages plus récents encore permettraient fixer exactement cette époque j'avais temps faire cette recherche voulus retarder davantage promenade travers merveilles _nautilus_ « monsieur dis-je capitaine remercie d'avoir mis cette bibliothèque disposition a là trésors science j'en profiterai —cette salle n'est seulement bibliothèque dit capitaine nemo c'est aussi fumoir —un fumoir m'écriai-je fume donc bord —sans doute —alors monsieur forcé croire conservé relations havane —aucune répondit capitaine acceptez cigare monsieur aronnax bien qu'il vienne havane content si connaisseur. » pris cigare m'était offert dont forme rappelait celui londrès semblait fabriqué feuilles d'or l'allumai petit brasero supportait élégant pied bronze j'aspirai premières bouffées volupté d'un amateur a fumé depuis deux jours « c'est excellent dis-je n'est tabac —non répondit capitaine tabac vient ni havane ni l'orient c'est sorte d'algue riche nicotine mer fournit non sans quelque parcimonie regrettez-vous londrès monsieur —capitaine méprise partir jour —fumez donc fantaisie sans discuter l'origine cigares aucune régie a contrôlés n'en moins bons j'imagine —au contraire. » a moment capitaine nemo ouvrit porte faisait face celle laquelle j'étais entré bibliothèque passai salon immense splendidement éclairé c'était vaste quadrilatère pans coupés long dix mètres large six haut cinq plafond lumineux décoré légères arabesques distribuait jour clair doux toutes merveilles entassées musée car c'était réellement musée lequel main intelligente prodigue réuni tous trésors nature l'art pêle-mêle artiste distingue atelier peintre illustration vaste quadrilatère pans coupé page 77 trentaine tableaux maîtres cadres uniformes séparés d'étincelantes panoplies ornaient parois tendues tapisseries d'un dessin sévère vis là toiles plus haute valeur plupart j'avais admirées collections particulières l'europe expositions peinture diverses écoles maîtres anciens représentées madone raphaël vierge léonard vinci nymphe corrège femme titien adoration véronèse assomption murillo portrait d'holbein moine velasquez martyr ribeira kermesse rubens deux paysages flamands teniers trois petits tableaux genre gérard dow metsu paul potter deux toiles géricault prudhon quelques marines backuysen vernet parmi œuvres peinture moderne apparaissaient tableaux signés delacroix ingres decamp troyon meissonnier daubigny etc. quelques admirables réductions statues marbre bronze d'après plus beaux modèles l'antiquité dressaient leurs piédestaux angles magnifique musée cet état stupéfaction m'avait prédit commandant _nautilus_ commençait déjà s'emparer esprit « monsieur professeur dit alors cet homme étrange excuserez sans-gêne lequel reçois désordre règne salon —monsieur répondis-je sans chercher savoir m'est-il permis reconnaître artiste —un amateur tout plus monsieur j'aimais autrefois collectionner belles œuvres créées main l'homme j'étais chercheur avide fureteur infatigable j'ai pu réunir quelques objets d'un haut prix derniers souvenirs cette terre morte a yeux artistes modernes déjà plus anciens deux trois mille ans d'existence confonds esprit maîtres n'ont d'âge —et musiciens dis-je montrant partitions weber rossini mozart beethoven d'haydn meyerbeer d'herold wagner d'auber gounod nombre d'autres éparses piano-orgue grand modèle occupait panneaux salon —ces musiciens répondit capitaine nemo contemporains d'orphée car différences chronologiques s'effacent mémoire morts —et mort monsieur professeur aussi bien mort ceux amis reposent six pieds sous terre » capitaine nemo tut sembla perdu rêverie profonde considérais vive émotion analysant silence étrangetés physionomie accoudé l'angle d'une précieuse table mosaïque voyait plus oubliait présence respectai recueillement continuai passer revue curiosités enrichissaient salon auprès œuvres l'art raretés naturelles tenaient place très importante elles consistaient principalement plantes coquilles autres productions l'océan devaient être trouvailles personnelles capitaine nemo milieu salon jet d'eau électriquement éclairé retombait vasque faite d'une seule tridacne cette coquille fournie plus grand mollusques acéphales mesurait bords délicatement festonnés circonférence six mètres environ dépassait donc grandeur belles tridacnes données françois ier république venise dont l'église saint-sulpice paris a fait deux bénitiers gigantesques autour cette vasque sous d'élégantes vitrines fixées armatures cuivre classés étiquetés plus précieux produits mer jamais livrés regards d'un naturaliste conçoit joie professeur l'embranchement zoophytes offrait très curieux spécimens deux groupes polypes échinodermes premier groupe tubipores gorgones disposées éventail éponges douces syrie isis molluques pennatules virgulaire admirable mers norwége ombellulaires variées alcyonnaires toute série madrépores maître milne-edwards a si sagacement classés sections parmi lesquels remarquai d'adorables flabellines oculines l'île bourbon « char neptune » antilles superbes variétés coraux enfin toutes espèces curieux polypiers dont l'assemblage forme îles entières deviendront jour continents échinodermes remarquables enveloppe épineuse astéries étoiles mer pantacrines comatules astérophons oursins holoturies etc. représentaient collection complète individus groupe conchyliologue peu nerveux pâmé certainement devant d'autres vitrines plus nombreuses où classés échantillons l'embranchement mollusques vis là collection d'une valeur inestimable temps manquerait décrire tout entière parmi produits citerai mémoire seulement —l'élégant marteau royal l'océan indien dont régulières taches blanches ressortaient vivement fond rouge brun —un spondyle impérial vives couleurs tout hérissé d'épines rare spécimen muséums européens dont j'estimai valeur vingt mille francs —un marteau commun mers nouvelle-hollande qu'on procure difficilement —des buccardes exotiques sénégal fragiles coquilles blanches doubles valves qu'un souffle dissipées comme bulle savon —plusieurs variétés arrosoirs java sortes tubes calcaires bordés replis foliacés très disputés amateurs —toute série troques uns jaunes-verdâtres pêchés mers d'amérique autres d'un brun-roux amis eaux nouvelle-hollande ceux-ci venus golfe mexique remarquables coquille imbriquée ceux-là stellaires trouvés mers australes enfin plus rare tous magnifique éperon nouvelle-zélande —puis d'admirables tellines sulfurées précieuses espèces cythérées vénus cadran treillissé côtes tranquebar sabot marbré nacre resplendissante perroquets verts mers chine cône presque inconnu genre _cœnodulli_ toutes variétés porcelaines servent monnaie l'inde afrique « gloire mer » plus précieuse coquille indes orientales —enfin littorines dauphinules turritelles janthines ovules volutes olives mitres casques pourpres buccins harpes rochers tritons cérites fuseaux strombes ptérocères patelles hyales cléodores coquillages délicats fragiles science a baptisés noms plus charmants a part compartiments spéciaux déroulaient chapelets perles plus grande beauté lumière électrique piquait pointes feu perles roses arrachées pinnes marines mer rouge perles vertes l'haliotyde iris perles jaunes bleues noires curieux produits divers mollusques tous océans certaines moules cours d'eau nord enfin plusieurs échantillons d'un prix inappréciable distillés pintadines plus rares quelques-unes perles surpassaient grosseur œuf pigeon elles valaient delà celle voyageur tavernier vendit trois millions shah perse primaient cette autre perle l'iman mascate croyais sans rivale monde ainsi donc chiffrer valeur cette collection ainsi dire impossible capitaine nemo dû dépenser millions acquérir échantillons divers demandais quelle source puisait satisfaire ainsi fantaisies collectionneur quand interrompu mots « examinez coquilles monsieur professeur effet elles peuvent intéresser naturaliste elles charme plus car toutes recueillies main n'est mer globe échappé recherches —je comprends capitaine comprends cette joie promener milieu telles richesses ceux fait eux-mêmes trésor aucun muséum l'europe possède semblable collection produits l'océan si j'épuise admiration restera-t-il navire porte veux point pénétrer secrets vôtres cependant j'avoue _nautilus_ force motrice qu'il renferme appareils permettent manœuvrer l'agent si puissant l'anime tout cela excite plus haut point curiosité vois suspendus murs salon instruments dont destination m'est inconnue puis-je savoir ... —monsieur aronnax répondit capitaine nemo dit libre bord conséquent aucune partie _nautilus_ interdite pouvez donc visiter détail ferai plaisir d'être cicérone —je sais comment remercier monsieur n'abuserai complaisance demanderai seulement quel usage destinés instruments physique ... —monsieur professeur mêmes instruments trouvent chambre c'est là j'aurai plaisir expliquer emploi auparavant venez visiter cabine réservée faut sachiez comment installé bord _nautilus_. » suivis capitaine nemo portes percées chaque pan coupé salon fit rentrer coursives navire conduisit vers l'avant là trouvai non cabine chambre élégante lit toilette divers autres meubles pus remercier hôte illustration chambre capitaine nemo page 82 « chambre contiguë mienne dit-il ouvrant porte mienne donne salon venons quitter. » j'entrai chambre capitaine aspect sévère presque cénobitique couchette fer table travail quelques meubles toilette tout éclairé demi-jour rien confortable strict nécessaire seulement capitaine nemo montra siége « veuillez asseoir » dit-il m'assis prit parole termes
11,Chapter 12,xii tout l'électricité « monsieur dit capitaine nemo montrant instruments suspendus parois chambre voici appareils exigés navigation _nautilus_ ici comme salon toujours sous yeux m'indiquent situation direction exacte milieu l'océan uns connus tels thermomètre donne température intérieure _nautilus_ baromètre pèse poids l'air prédit changements temps l'hygromètre marque degré sécheresse l'atmosphère storm-glass dont mélange décomposant annonce l'arrivée tempêtes boussole dirige route sextant hauteur soleil m'apprend latitude chronomètres permettent calculer longitude enfin lunettes jour nuit servent scruter tous points l'horizon quand _nautilus_ remonté surface flots —ce instruments habituels navigateur répondis-je j'en connais l'usage voici d'autres répondent sans doute exigences particulières _nautilus_ cadran j'aperçois parcourt aiguille mobile n'est-ce manomètre —c'est manomètre effet mis communication l'eau dont indique pression extérieure donne là profondeur laquelle maintient appareil —et sondes d'une nouvelle espèce —ce sondes thermométriques rapportent température diverses couches d'eau —et autres instruments dont devine l'emploi —ici monsieur professeur dois donner quelques explications dit capitaine nemo veuillez donc m'écouter. » garda silence pendant quelques instants puis dit « agent puissant obéissant rapide facile plie tous usages règne maître bord tout fait m'éclaire m'échauffe l'âme appareils mécaniques cet agent c'est l'électricité —l'électricité m'écriai-je assez surpris —oui monsieur —cependant capitaine possédez extrême rapidité mouvements s'accorde mal pouvoir l'électricité jusqu'ici puissance dynamique restée très-restreinte a pu produire petites forces —monsieur professeur répondit capitaine nemo électricité n'est celle tout monde c'est là tout permettrez dire —je n'insisterai monsieur contenterai d'être très-étonné d'un tel résultat seule question cependant laquelle répondrez si indiscrète éléments employez produire merveilleux agent doivent s'user vite zinc exemple comment remplacez-vous puisque n'avez plus aucune communication terre —votre question réponse répondit capitaine nemo dirai d'abord qu'il existe fond mers mines zinc fer d'argent d'or dont l'exploitation très-certainement praticable n'ai rien emprunté métaux terre j'ai voulu demander mer elle-même moyens produire électricité —a mer —oui monsieur professeur moyens manquaient j'aurais pu effet établissant circuit entre fils plongés différentes profondeurs obtenir l'électricité diversité températures qu'ils éprouvaient j'ai préféré employer système plus pratique —et lequel —vous connaissez composition l'eau mer mille grammes trouve quatre-vingt-seize centièmes demi d'eau deux centièmes deux tiers environ chlorure sodium puis petite quantité chlorures magnésium potassium bromure magnésium sulfate magnésie sulfate carbonate chaux voyez donc chlorure sodium rencontre proportion notable or c'est sodium j'extrais l'eau mer dont compose éléments —le sodium —oui monsieur mélangé mercure forme amalgame tient lieu zinc éléments bunzen mercure s'use jamais sodium seul consomme mer fournit elle-même dirai outre piles sodium doivent être considérées comme plus énergiques force électro-motrice double celle piles zinc —je comprends bien capitaine l'excellence sodium conditions où trouvez mer contient bien faut encore fabriquer l'extraire mot comment faites-vous piles pourraient évidemment servir cette extraction si trompe dépense sodium nécessitée appareils électriques dépasserait quantité extraite arriverait donc consommeriez produire plus n'en produiriez —aussi monsieur professeur l'extrais pile j'emploie tout simplement chaleur charbon terre —de terre dis-je insistant —disons charbon mer si voulez répondit capitaine nemo —et pouvez exploiter mines sous-marines houille —monsieur aronnax verrez l'œuvre demande qu'un peu patience puisque temps d'être patient rappelez-vous seulement ceci dois tout l'océan produit l'électricité l'électricité donne _nautilus_ chaleur lumière mouvement vie mot —mais non l'air respirez —oh pourrais fabriquer l'air nécessaire consommation c'est inutile puisque remonte surface mer quand plaît cependant si l'électricité fournit l'air respirable manœuvre moins pompes puissantes l'emmagasinent réservoirs spéciaux permet prolonger besoin aussi longtemps veux séjour couches profondes —capitaine répondis-je contente d'admirer évidemment trouvé hommes trouveront sans doute jour véritable puissance dynamique l'électricité —je sais s'ils trouveront répondit froidement capitaine nemo quoi qu'il connaissez déjà première application j'ai faite précieux agent c'est éclaire égalité continuité a lumière soleil maintenant regardez cette horloge électrique marche régularité défie celle meilleurs chronomètres l'ai divisée vingt-quatre heures comme horloges italiennes car n'existe ni nuit ni jour ni soleil ni lune seulement cette lumière factice j'entraîne jusqu'au fond mers voyez moment dix heures matin —parfaitement —autre application l'électricité cadran suspendu devant yeux sert indiquer vitesse _nautilus_ fil électrique met communication l'hélice loch aiguille m'indique marche réelle l'appareil tenez moment filons vitesse modérée quinze milles l'heure —c'est merveilleux répondis-je vois bien capitaine raison d'employer cet agent destiné remplacer vent l'eau vapeur —nous n'avons fini monsieur aronnax dit capitaine nemo levant si voulez suivre visiterons l'arrière _nautilus_. » effet connaissais déjà toute partie antérieure bateau sous-marin dont voici division exacte allant centre l'éperon salle manger cinq mètres séparée bibliothèque cloison étanche c'est-à-dire pouvant être pénétrée l'eau —la bibliothèque cinq mètres —le grand salon dix mètres séparé chambre capitaine seconde cloison étanche —ladite chambre capitaine cinq mètres —la mienne deux mètres cinquante —et enfin réservoir d'air sept mètres cinquante s'étendait jusqu l'étrave total trente-cinq mètres longueur cloisons étanches percées portes fermaient hermétiquement moyen d'obturateurs caoutchouc assuraient toute sécurité bord _nautilus_ cas où voie d'eau déclarée suivis capitaine nemo travers coursives situées abord j'arrivai centre navire là trouvait sorte puits s'ouvrait entre deux cloisons étanches échelle fer cramponnée paroi conduisait extrémité supérieure demandai capitaine quel usage servait cette échelle « aboutit canot répondit-il —quoi canot répliquai-je assez étonné —sans doute excellente embarcation légère insubmersible sert promenade pêche —mais alors quand voulez embarquer forcé revenir surface mer —aucunement canot adhère partie supérieure coque _nautilus_ occupe cavité disposée recevoir entièrement ponté absolument étanche retenu solides boulons cette échelle conduit trou d'homme percé coque _nautilus_ correspond trou pareil percé flanc canot c'est cette double ouverture m'introduis l'embarcation referme l'une celle _nautilus_ referme l'autre celle canot moyen vis pression largue boulons l'embarcation remonte prodigieuse rapidité surface mer j'ouvre alors panneau pont soigneusement clos jusque-là mâte hisse voile prends avirons promène —mais comment revenez-vous bord —je reviens monsieur aronnax c'est _nautilus_ revient —a ordres —a ordres fil électrique rattache lance télégramme cela suffit —en effet dis-je grisé merveilles rien n'est plus simple » après avoir dépassé cage l'escalier aboutissait plate-forme vis cabine longue deux mètres laquelle conseil ned land enchantés repas s'occupaient dévorer belles dents puis porte s'ouvrit cuisine longue trois mètres située entre vastes cambuses bord là l'électricité plus énergique plus obéissante gaz lui-même faisait tous frais cuisson fils arrivant sous fourneaux communiquaient éponges platine chaleur distribuait maintenait régulièrement chauffait également appareils distillatoires vaporisation fournissaient excellente eau potable auprès cette cuisine s'ouvrait salle bains confortablement disposée dont robinets fournissaient l'eau froide l'eau chaude volonté a cuisine succédait poste l'équipage long cinq mètres porte fermée pus voir aménagement m'eût peut-être fixé nombre d'hommes nécessité manœuvre _nautilus_ fond s'élevait quatrième cloison étanche séparait poste chambre machines porte s'ouvrit trouvai compartiment où capitaine nemo —ingénieur premier ordre coup sûr —avait disposé appareils locomotion cette chambre machines nettement éclairée mesurait moins vingt mètres longueur naturellement divisée deux parties première renfermait éléments produisaient l'électricité seconde mécanisme transmettait mouvement l'hélice surpris tout d'abord l'odeur _sui generis_ emplissait compartiment capitaine nemo s'aperçut impression « dit-il quelques dégagements gaz produits l'emploi sodium n'est qu'un léger inconvénient tous matins d'ailleurs purifions navire ventilant grand air. » illustration chambre machines nettement éclairée page 87 cependant j'examinais intérêt facile concevoir machine _nautilus_ « voyez dit capitaine nemo j'emploie éléments bunzen non éléments ruhmkorff ceux-ci impuissants éléments bunzen peu nombreux forts grands vaut mieux expérience faite l'électricité produite rend l'arrière où agit électro-aimants grande dimension système particulier leviers d'engrenages transmettent mouvement l'arbre l'hélice celle-ci dont diamètre six mètres sept mètres cinquante peut donner jusqu cent vingt tours seconde illustration assis divan page 90 —et obtenez alors —une vitesse cinquante milles l'heure. » là mystère n'insistai connaître comment l'électricité pouvait-elle agir telle puissance où cette force presque illimitée prenait-elle origine était-ce tension excessive obtenue bobines d'une nouvelle sorte était-ce transmission qu'un système leviers inconnus 6 pouvait accroître l'infini c'est pouvais comprendre 6 précisément parle d'une découverte genre laquelle nouveau jeu leviers produit forces considérables l'inventeur s'est-il donc rencontré capitaine nemo j. v. « capitaine nemo dis-je constate résultats cherche expliquer j'ai vu _nautilus_ manœuvrer devant l'_abraham-lincoln_ sais quoi m'en tenir vitesse marcher suffit faut voir où l'on va faut pouvoir diriger droite gauche haut bas comment atteignez-vous grandes profondeurs où trouvez résistance croissante s'évalue centaines d'atmosphères comment remontez-vous surface l'océan enfin comment maintenez-vous milieu convient suis-je indiscret demandant —aucunement monsieur professeur répondit capitaine après légère hésitation puisque devez jamais quitter bateau sous-marin venez salon c'est véritable cabinet travail là apprendrez tout devez savoir _nautilus_ »
12,Chapter 13,xiii quelques chiffres instant après assis divan salon cigare lèvres capitaine mit sous yeux épure donnait plan coupe élévation _nautilus_ puis commença description termes « voici monsieur aronnax diverses dimensions bateau porte c'est cylindre très-allongé bouts coniques affecte sensiblement forme d'un cigare forme déjà adoptée londres plusieurs constructions genre longueur cylindre tête tête exactement soixante-dix mètres bau plus grande largeur huit mètres n'est donc construit tout fait dixième comme steamers grande marche lignes suffisamment longues coulée assez prolongée l'eau déplacée s'échappe aisément n'oppose aucun obstacle marche « deux dimensions permettent d'obtenir simple calcul surface volume _nautilus_ surface comprend mille onze mètres carrés quarante-cinq centièmes volume quinze cents mètres cubes deux dixièmes —ce revient dire qu'entièrement immergé déplace pèse quinze cents mètres cubes tonneaux « lorsque j'ai fait plans navire destiné navigation sous-marine j'ai voulu qu'en équilibre l'eau plongeât neuf dixièmes qu'il émergeât d'un dixième seulement conséquent devait déplacer conditions neuf dixièmes volume treize cent cinquante-six mètres cubes quarante-huit centièmes c'est-à-dire peser nombre tonneaux j'ai donc dû dépasser poids construisant suivant dimensions susdites « _nautilus_ compose deux coques l'une intérieure l'autre extérieure réunies entre elles fers donnent rigidité extrême effet grâce cette disposition cellulaire résiste comme bloc comme s'il plein bordé peut céder adhère lui-même non serrage rivets l'homogénéité construction due parfait assemblage matériaux permet défier mers plus violentes « deux coques fabriquées tôle d'acier dont densité rapport l'eau sept huit dixièmes première a moins cinq centimètres d'épaisseur pèse trois cent quatre-vingt-quatorze tonneaux quatre-vingt-seize centièmes seconde enveloppe quille haute cinquante centimètres large vingt-cinq pesant seule soixante-deux tonneaux machine lest divers accessoires aménagements cloisons étrésillons intérieurs poids neuf cent soixante-et-un tonneaux soixante-deux centièmes ajoutés trois cent quatre-vingt-quatorze tonneaux quatre-vingt-seize centièmes forment total exigé treize cent cinquante-six tonneaux quarante-huit centièmes est-ce entendu —c'est entendu répondis-je —donc reprit capitaine lorsque _nautilus_ trouve flot conditions émerge d'un dixième or si j'ai disposé réservoirs d'une capacité égale dixième d'une contenance cent cinquante tonneaux soixante-douze centièmes si remplis d'eau bateau déplaçant alors quinze cent sept tonneaux pesant complétement immergé c'est arrive monsieur professeur réservoirs existent abord parties inférieures _nautilus_ j'ouvre robinets remplissent bateau s'enfonçant vient affleurer surface l'eau —bien capitaine arrivons alors véritable difficulté puissiez affleurer surface l'océan comprends plus bas plongeant au-dessous cette surface appareil sous-marin va-t-il rencontrer pression conséquent subir poussée bas haut doit être évaluée atmosphère trente pieds d'eau environ kilogramme centimètre carré —parfaitement monsieur —donc moins remplissiez _nautilus_ entier vois comment pouvez l'entraîner sein masses liquides —monsieur professeur répondit capitaine nemo faut confondre statique dynamique sans quoi l'on s'expose graves erreurs a très-peu travail dépenser atteindre basses régions l'océan car corps tendance devenir « fondriers. » suivez raisonnement —je écoute capitaine —lorsque j'ai voulu déterminer l'accroissement poids qu'il faut donner _nautilus_ l'immerger n'ai préoccuper réduction volume l'eau mer éprouve mesure couches deviennent plus plus profondes —c'est évident répondis-je —or si l'eau n'est absolument incompressible moins très-peu compressible effet d'après calculs plus récents cette réduction n'est quatre cent trente-six dix millionnièmes atmosphère chaque trente pieds profondeur s'agit-il d'aller mille mètres tiens compte alors réduction volume sous pression équivalente celle d'une colonne d'eau mille mètres c'est-à-dire sous pression cent atmosphères cette réduction alors quatre cent trente-six cent millièmes devrai donc accroître poids façon peser quinze cent treize tonneaux soixante-dix-sept centièmes lieu quinze cent sept tonneaux deux dixièmes l'augmentation conséquemment six tonneaux cinquante-sept centièmes —seulement —seulement monsieur aronnax calcul facile vérifier or j'ai réservoirs supplémentaires capables d'embarquer cent tonneaux puis donc descendre profondeurs considérables lorsque veux remonter surface l'affleurer suffit chasser cette eau vider entièrement tous réservoirs si désire _nautilus_ émerge dixième capacité totale. » a raisonnements appuyés chiffres n'avais rien objecter « j'admets calculs capitaine répondis-je j'aurais mauvaise grâce contester puisque l'expérience donne raison chaque jour pressens actuellement présence difficulté réelle —laquelle monsieur —lorsque mille mètres profondeur parois _nautilus_ supportent pression cent atmosphères si donc moment voulez vider réservoirs supplémentaires alléger bateau remonter surface faut pompes vainquent cette pression cent atmosphères cent kilogrammes centimètre carré là puissance ... —que l'électricité seule pouvait donner hâta dire capitaine nemo répète monsieur pouvoir dynamique machines peu près infini pompes _nautilus_ force prodigieuse dû voir quand leurs colonnes d'eau précipitées comme torrent l'_abraham-lincoln_ d'ailleurs sers réservoirs supplémentaires atteindre profondeurs moyennes quinze cent deux mille mètres cela but ménager appareils aussi lorsque fantaisie prend visiter profondeurs l'océan deux trois lieues au-dessous surface j'emploie manœuvres plus longues non moins infaillibles —lesquelles capitaine demandai-je —ceci m'amène naturellement dire comment manœuvre _nautilus_ —je impatient l'apprendre —pour gouverner bateau tribord bâbord évoluer mot suivant plan horizontal sers d'un gouvernail ordinaire large safran fixé l'arrière l'étambot qu'une roue palans font agir puis aussi mouvoir _nautilus_ bas haut haut bas plan vertical moyen deux plans inclinés attachés flancs centre flottaison plans mobiles aptes prendre toutes positions manœuvrent l'intérieur moyen leviers puissants plans sont-ils maintenus parallèles bateau celui-ci meut horizontalement sont-ils inclinés _nautilus_ suivant disposition cette inclinaison sous poussée hélice s'enfonce suivant diagonale aussi allongée qu'il convient remonte suivant cette diagonale si veux revenir plus rapidement surface j'embraye l'hélice pression eaux fait remonter verticalement _nautilus_ comme ballon gonflé d'hydrogène s'élève rapidement airs —bravo capitaine m'écriai-je comment timonier peut-il suivre route donnez milieu eaux —le timonier placé cage vitrée fait saillie partie supérieure coque _nautilus_ garnissent verres lenticulaires —des verres capables résister telles pressions —parfaitement cristal fragile choc offre cependant résistance considérable expériences pêche lumière électrique faites 1864 milieu mers nord a vu plaques cette matière sous épaisseur sept millimètres seulement résister pression seize atmosphères tout laissant passer puissants rayons calorifiques répartissaient inégalement chaleur or verres dont sers n'ont moins vingt-et-un centimètres centre c'est-à-dire trente fois cette épaisseur —admis capitaine nemo enfin voir faut lumière chasse ténèbres demande comment milieu l'obscurité eaux ... —en arrière cage timonier placé puissant réflecteur électrique dont rayons illuminent mer demi-mille distance —ah bravo trois fois bravo capitaine m'explique maintenant cette phosphorescence prétendu narwal a tant intrigué savants a propos demanderai si l'abordage _nautilus_ _scotia_ a si grand retentissement a résultat d'une rencontre fortuite —purement fortuite monsieur naviguais deux mètres au-dessous surface eaux quand choc s'est produit j'ai d'ailleurs vu qu'il n'avait aucun résultat fâcheux —aucun monsieur quant rencontre l'_abraham-lincoln_ ... —monsieur professeur j'en fâché l'un meilleurs navires cette brave marine américaine m'attaquait j'ai dû défendre contenté toutefois mettre frégate hors d'état nuire —elle gênée réparer avaries port plus prochain —ah commandant m'écriai-je conviction c'est vraiment merveilleux bateau _nautilus_ —oui monsieur professeur répondit véritable émotion capitaine nemo l'aime comme chair chair si tout danger navires soumis hasards l'océan si cette mer première impression sentiment l'abîme comme a si bien dit hollandais jansen au-dessous bord _nautilus_ cœur l'homme a plus rien redouter déformation craindre car double coque bateau a rigidité fer gréement roulis tangage fatiguent voiles vent emporte chaudières vapeur déchire d'incendie redouter puisque cet appareil fait tôle non bois charbon s'épuise puisque l'électricité agent mécanique rencontre redouter puisqu'il seul naviguer eaux profondes tempête braver puisqu'il trouve quelques mètres au-dessous eaux l'absolue tranquillité voilà monsieur voilà navire excellence s'il vrai l'ingénieur plus confiance bâtiment constructeur constructeur plus capitaine lui-même comprenez donc quel abandon fie _nautilus_ puisque j'en tout fois capitaine constructeur l'ingénieur » capitaine nemo parlait éloquence entraînante feu regard passion geste transfiguraient oui aimait navire comme père aime enfant question indiscrète peut-être posait naturellement pus retenir faire « donc ingénieur capitaine nemo —oui monsieur professeur répondit-il j'ai étudié londres paris new-york temps j'étais habitant continents terre —mais comment avez-vous pu construire secret cet admirable _nautilus_ —chacun morceaux monsieur aronnax m'est arrivé d'un point différent globe sous destination déguisée quille a forgée creusot arbre d'hélice chez pen co londres plaques tôle coque chez leard liverpool hélice chez scott glasgow réservoirs fabriqués cail co paris machine krüpp prusse éperon ateliers motala suède instruments précision chez hart frères new-york etc. chacun fournisseurs a reçu plans sous noms divers —mais repris-je morceaux ainsi fabriqués a fallu monter ajuster —monsieur professeur j'avais établi ateliers îlot désert plein océan là ouvriers c'est-à-dire braves compagnons j'ai instruits formés achevé _nautilus_ puis l'opération terminée feu a détruit toute trace passage cet îlot j'aurais fais sauter si l'avais pu illustration feu a détruit toute trace passage page 95 —alors m'est permis croire prix revient bâtiment excessif —monsieur aronnax navire fer coûte onze cent vingt-cinq francs tonneau or _nautilus_ jauge quinze cents revient donc seize cent quatre-vingt-sept mille francs deux millions compris aménagement quatre cinq millions œuvres d'art collections qu'il renferme —une dernière question capitaine nemo —faites monsieur professeur —vous donc riche —riche l'infini monsieur pourrais sans gêner payer dix milliards dettes france » regardai fixement bizarre personnage parlait ainsi abusait-il crédulité l'avenir devait l'apprendre illustration capitaine nemo prit hauteur soleil page 99
13,Chapter 14,xiv fleuve noir portion globe terrestre occupée eaux évaluée trois millions huit cent trente-deux milles cinq cent cinquante-huit myriamètres carrés plus trente-huit millions d'hectares cette masse liquide comprend deux milliards deux cent cinquante millions milles cubes formerait sphère d'un diamètre soixante lieues dont poids trois quintillions tonneaux comprendre nombre faut dire quintillion milliard milliard l'unité c'est-à-dire qu'il a autant milliards quintillion d'unités milliard or cette masse liquide c'est peu près quantité d'eau verseraient tous fleuves terre pendant quarante mille ans durant époques géologiques période feu succéda période l'eau l'océan d'abord universel puis peu peu temps siluriens sommets montagnes apparurent îles émergèrent disparurent sous déluges partiels montrèrent nouveau soudèrent formèrent continents enfin terres fixèrent géographiquement telles voyons solide conquis liquide trente-sept millions six cent cinquante-sept milles carrés douze mille neuf cent seize millions d'hectares configuration continents permet diviser eaux cinq grandes parties l'océan glacial arctique l'océan glacial antarctique l'océan indien l'océan atlantique l'océan pacifique l'océan pacifique s'étend nord sud entre deux cercles polaires l'ouest l'est entre l'asie l'amérique étendue cent quarante-cinq degrés longitude c'est plus tranquille mers courants larges lents marées médiocres pluies abondantes tel l'océan destinée m'appelait d'abord parcourir plus étranges conditions « monsieur professeur dit capitaine nemo allons si voulez bien relever exactement position fixer point départ voyage midi moins quart vais remonter surface eaux. » capitaine pressa trois fois timbre électrique pompes commencèrent chasser l'eau réservoirs l'aiguille manomètre marqua différentes pressions mouvement ascensionnel _nautilus_ puis s'arrêta « arrivés » dit capitaine rendis l'escalier central aboutissait plate-forme gravis marches métal panneaux ouverts j'arrivai partie supérieure _nautilus_ plate-forme émergeait quatre-vingts centimètres seulement l'avant l'arrière _nautilus_ présentaient cette disposition fusiforme faisait justement comparer long cigare remarquai plaques tôles imbriquées légèrement ressemblaient écailles revêtent corps grands reptiles terrestres m'expliquai donc très-naturellement malgré meilleures lunettes bateau toujours pris animal marin vers milieu plate-forme canot demi-engagé coque navire formait légère extumescence avant arrière s'élevaient deux cages hauteur médiocre parois inclinées partie fermées d'épais verres lenticulaires l'une destinée timonier dirigeait _nautilus_ l'autre où brillait puissant fanal électrique éclairait route mer magnifique ciel pur a peine si long véhicule ressentait larges ondulations l'océan légère brise l'est ridait surface eaux l'horizon dégagé brumes prêtait meilleures observations n'avions rien vue écueil îlot plus d'_abraham-lincoln_ l'immensité déserte capitaine nemo muni sextant prit hauteur soleil devait donner latitude attendit pendant quelques minutes l'astre vînt affleurer bord l'horizon tandis qu'il observait muscles tressaillait l'instrument n'eût plus immobile main marbre « midi dit-il monsieur professeur quand voudrez ... » jetai dernier regard cette mer peu jaunâtre attérages japonais redescendis grand salon là capitaine fit point calcula chronométriquement longitude qu'il contrôla précédentes observations d'angles horaires puis dit « monsieur aronnax cent trente-sept degrés quinze minutes longitude l'ouest ... —de quel méridien demandai-je vivement espérant réponse capitaine m'indiquerait peut-être nationalité —monsieur répondit-il j'ai divers chronomètres réglés méridiens paris greenwich washington honneur servirai celui paris. » cette réponse m'apprenait rien m'inclinai commandant reprit « trente-sept degrés quinze minutes longitude l'ouest méridien paris trente degrés sept minutes latitude nord c'est-à-dire trois cents milles environ côtes japon c'est aujourd'hui 8 novembre midi commence voyage d'exploration sous eaux —dieu garde répondis-je —et maintenant monsieur professeur ajouta capitaine laisse études j'ai donné route l'est-nord-est cinquante mètres profondeur voici cartes grands points où pourrez suivre salon disposition demande permission retirer. » capitaine nemo salua restai seul absorbé pensées toutes portaient commandant _nautilus_ saurais-je jamais quelle nation appartenait cet homme étrange vantait n'appartenir aucune cette haine qu'il vouée l'humanité cette haine cherchait peut-être vengeances terribles l'avait provoquée était-il savants méconnus génies « auxquels a fait chagrin » suivant l'expression conseil galilée moderne bien hommes science comme l'américain maury dont carrière a brisée révolutions politiques pouvais encore dire hasard venait jeter bord dont tenait vie entre mains m'accueillait froidement hospitalièrement seulement n'avait jamais pris main tendais m'avait jamais tendu sienne heure entière demeurai plongé réflexions cherchant percer mystère si intéressant puis regards fixèrent vaste planisphère étalé table plaçai doigt point où croisaient longitude latitude observées mer a fleuves comme continents courants spéciaux reconnaissables température couleur dont plus remarquable connu sous nom courant gulf-stream science a déterminé globe direction cinq courants principaux l'atlantique nord second l'atlantique sud troisième pacifique nord quatrième pacifique sud cinquième l'océan indien sud probable qu'un sixième courant existait autrefois l'océan indien nord lorsque mers caspienne d'aral réunies grands lacs l'asie formaient qu'une seule étendue d'eau illustration vingt mille lieues sous mers 1ère carte jules verne or point indiqué planisphère déroulait l'un courants kuro-scivo japonais fleuve-noir sorti golfe bengale où chauffent rayons perpendiculaires soleil tropiques traverse détroit malacca prolonge côte d'asie s'arrondit pacifique nord jusqu'aux îles aléoutiennes charriant troncs camphriers autres produits indigènes tranchant pur indigo eaux chaudes flots l'océan c'est courant _nautilus_ allait parcourir suivais regard voyais perdre l'immensité pacifique sentais entraîner quand ned land conseil apparurent porte salon deux braves compagnons restèrent pétrifiés vue merveilles entassées devant leurs yeux « où sommes-nous où sommes-nous s'écria canadien muséum québec —s'il plaît monsieur répliqua conseil plutôt l'hôtel sommerard —mes amis répondis-je faisant signe d'entrer n'êtes ni canada ni france bien bord _nautilus_ cinquante mètres au-dessous niveau mer —il faut croire monsieur puisque monsieur l'affirme répliqua conseil franchement salon fait étonner flamand comme —étonne-toi ami regarde car classificateur force a quoi travailler ici. » n'avais besoin d'encourager conseil brave garçon penché vitrines murmurait déjà mots langue naturalistes classe gastéropodes famille buccinoïdes genre porcelaines espèces _cypræa madagascariensis_ etc pendant temps ned land assez peu conchyliologue m'interrogeait entrevue capitaine nemo avais-je découvert d'où venait où allait vers quelles profondeurs entraînait enfin mille questions auxquelles n'avais temps répondre appris tout savais plutôt tout savais demandai qu'il entendu vu côté « rien vu rien entendu répondit canadien n'ai aperçu l'équipage bateau est-ce hasard électrique aussi —électrique —par foi tenté croire monsieur aronnax demanda ned land toujours idée pouvez dire combien d'hommes a bord dix vingt cinquante cent —je saurais répondre maître land d'ailleurs croyez-moi abandonnez moment cette idée emparer _nautilus_ fuir bateau chefs-d'œuvre l'industrie moderne regretterais l'avoir vu bien gens accepteraient situation faite fût-ce promener travers merveilles ainsi tenez-vous tranquille tâchons voir passe autour —voir s'écria harponneur voit rien verra rien cette prison tôle marchons naviguons aveugles ... » ned land prononçait derniers mots quand l'obscurité fit subitement obscurité absolue plafond lumineux s'éteignit si rapidement yeux éprouvèrent impression douloureuse analogue celle produit passage contraire profondes ténèbres plus éclatante lumière restés muets remuant sachant quelle surprise agréable désagréable attendait glissement fit entendre dit panneaux manœuvraient flancs _nautilus_ « c'est fin fin dit ned land —ordre hydroméduses » murmura conseil soudain jour fit chaque côté salon travers deux ouvertures oblongues masses liquides apparurent vivement éclairées effluences électriques deux plaques cristal séparaient mer frémis d'abord pensée cette fragile paroi pouvait briser fortes armatures cuivre maintenaient donnaient résistance presque infinie mer distinctement visible rayon d'un mille autour _nautilus_ quel spectacle quelle plume pourrait décrire saurait peindre effets lumière travers nappes transparentes douceur dégradations successives jusqu'aux couches inférieures supérieures l'océan connaît diaphanéité mer sait limpidité l'emporte celle l'eau roche substances minérales organiques qu'elle tient suspension accroissent transparence certaines parties l'océan antilles cent quarante-cinq mètres d'eau laissent apercevoir lit sable surprenante netteté force pénétration rayons solaires paraît s'arrêter profondeur trois cents mètres milieu fluide parcourait _nautilus_ l'éclat électrique produisait sein ondes n'était plus l'eau lumineuse lumière liquide si l'on admet l'hypothèse d'erhemberg croit illumination phosphorescente fonds sous-marins nature a certainement réservé habitants mer l'un plus prodigieux spectacles j'en pouvais juger ici mille jeux cette lumière chaque côté j'avais fenêtre ouverte abîmes inexplorés l'obscurité salon faisait valoir clarté extérieure regardions comme si pur cristal vitre d'un immense aquarium illustration fenêtre ouverte abîmes inexplorés page 103 _nautilus_ semblait bouger c'est points repère manquaient parfois cependant lignes d'eau divisées éperon filaient devant regards vitesse excessive émerveillés accoudés devant vitrines nul n'avait encore rompu silence stupéfaction quand conseil dit « vouliez voir ami ned eh bien voyez —curieux curieux faisait canadien —qui oubliant colères projets d'évasion subissait attraction irrésistible —et l'on viendrait plus loin admirer spectacle —ah m'écriai-je comprends vie cet homme s'est fait monde part réserve plus étonnantes merveilles illustration —mais poissons fit observer canadien vois poissons —que importe ami ned répondit conseil puisque connaissez —moi pêcheur » s'écria ned land sujet discussion s'éleva entre deux amis car connaissaient poissons chacun d'une façon très-différente tout monde sait poissons forment quatrième dernière classe l'embranchement vertébrés a très-justement définis « vertébrés circulation double sang froid respirant branchies destinés vivre l'eau. » composent deux séries distinctes série poissons osseux c'est-à-dire ceux dont l'épine dorsale faite vertèbres osseuses poissons cartilagineux c'est-à-dire ceux dont l'épine dorsale faite vertèbres cartilagineuses canadien connaissait peut-être cette distinction conseil savait bien davantage maintenant lié d'amitié ned pouvait admettre qu'il moins instruit aussi dit-il « ami ned tueur poissons très-habile pêcheur pris grand nombre intéressants animaux gagerais savez comment classe —si répondit sérieusement harponneur classe poissons mangent poissons mangent —voilà distinction gourmand répondit conseil dites-moi si connaissez différence existe entre poissons osseux poissons cartilagineux —peut-être bien conseil —et subdivision deux grandes classes —je m'en doute répondit canadien —eh bien ami ned écoutez retenez poissons osseux subdivisent six ordres primo acanthoptérygiens dont mâchoire supérieure complète mobile dont branchies affectent forme d'un peigne cet ordre comprend quinze familles c'est-à-dire trois quarts poissons connus type perche commune —assez bonne manger répondit ned land —secundo reprit conseil abdominaux nageoires ventrales suspendues sous l'abdomen arrière pectorales sans être attachées os l'épaule —ordre divise cinq familles comprend plus grande partie poissons d'eau douce type carpe brochet —peuh fit canadien certain mépris poissons d'eau douce —tertio dit conseil subrachiens dont ventrales attachées sous pectorales immédiatement suspendues os l'épaule cet ordre contient quatre familles type plies limandes turbots barbues soles etc —excellent excellent s'écriait harponneur voulait considérer poissons qu'au point vue comestible —quarto reprit conseil sans démonter apodes corps allongé dépourvus nageoires ventrales revêtus d'une peau épaisse souvent gluante —ordre comprend qu'une famille type l'anguille gymnote —médiocre médiocre répondit ned land —quinto dit conseil lophobranches mâchoires complètes libres dont branchies formées petites houppes disposées paires long arcs branchiaux cet ordre compte qu'une famille type hippocampes pégases dragons —mauvais mauvais répliqua harponneur —sexto enfin dit conseil plectognathes dont l'os maxillaire attaché fixement côté l'intermaxillaire forme mâchoire dont l'arcade palatine s'engrène suture crâne rend immobile —ordre manque vraies ventrales compose deux familles types tétrodons poissons-lune —bons déshonorer chaudière s'écria canadien —avez-vous compris ami ned demanda savant conseil —pas moins monde ami conseil répondit harponneur allez toujours car très-intéressant —quant poissons cartilagineux reprit imperturbablement conseil comprennent trois ordres —tant mieux fit ned —primo cyclostomes dont mâchoires soudées anneau mobile dont branchies s'ouvrent trous nombreux ordre comprenant qu'une seule famille type lamproie —faut l'aimer répondit ned land —secundo sélaciens branchies semblables celles cyclostomes dont mâchoire inférieure mobile cet ordre plus important classe comprend deux familles types raie squales —quoi s'écria ned raies requins ordre eh bien ami conseil l'intérêt raies conseille mettre ensemble bocal —tertio répondit conseil sturioniens dont branchies ouvertes comme l'ordinaire seule fente garnie d'un opercule —ordre comprend quatre genres type l'esturgeon —ah ami conseil gardé meilleur fin —à avis moins c'est tout —oui brave ned répondit conseil remarquez quand sait cela sait rien encore car familles subdivisent genres sous-genres espèces variétés ... —eh bien ami conseil dit harponneur penchant vitre panneau voici variétés passent —oui poissons s'écria conseil croirait devant aquarium —non répondis-je car l'aquarium n'est qu'une cage poissons-là libres comme l'oiseau l'air —eh bien ami conseil nommez-les donc nommez-les donc disait ned land —moi répondit conseil n'en capable cela regarde maître » effet digne garçon classificateur enragé n'était point naturaliste sais s'il distingué thon d'une bonite mot contraire canadien nommait tous poissons sans hésiter « baliste avais-je dit —et baliste chinois répondait ned land —genre balistes famille sclérodermes ordre plectognathes » murmurait conseil décidément deux ned conseil fait naturaliste distingué canadien s'était trompé troupe balistes corps comprimé peau grenue armés d'un aiguillon dorsale jouaient autour _nautilus_ agitaient quatre rangées piquants hérissent chaque côté queue rien plus admirable enveloppe grise dessus blanche dessous dont taches d'or scintillaient sombre remous lames entre ondulaient raies comme nappe abandonnée vents parmi elles j'aperçus grande joie cette raie chinoise jaunâtre partie supérieure rose tendre sous ventre munie trois aiguillons arrière œil espèce rare douteuse temps lacépède l'avait jamais vue recueil dessins japonais pendant deux heures toute armée aquatique fit escorte _nautilus_ milieu leurs jeux leurs bonds tandis qu'ils rivalisaient beauté d'éclat vitesse distinguai labre vert mulle barberin marqué d'une double raie noire gobie éléotre caudale arrondie blanc couleur tacheté violet dos scombre japonais admirable maquereau mers corps bleu tête argentée brillants azurors dont nom seul emporte toute description spares rayés nageoires variées bleu jaune spares fascés relevés d'une bande noire caudale spares zonéphores élégamment corsetés leurs six ceintures aulostones véritables bouches flûte bécasses mer dont quelques échantillons atteignaient longueur d'un mètre salamandres japon murènes échidnées longs serpents six pieds yeux vifs petits vaste bouche hérissée dents etc admiration maintenait toujours plus haut point interjections tarissaient ned nommait poissons conseil classait m'extasiais devant vivacité leurs allures beauté leurs formes jamais m'avait donné surprendre animaux vivants libres élément naturel citerai toutes variétés passèrent ainsi devant yeux éblouis toute cette collection mers japon chine poissons accouraient plus nombreux oiseaux l'air attirés sans doute l'éclatant foyer lumière électrique subitement jour fit salon panneaux tôle refermèrent l'enchanteresse vision disparut longtemps rêvai encore jusqu'au moment où regards fixèrent instruments suspendus parois boussole montrait toujours direction nord-nord-est manomètre indiquait pression cinq atmosphères correspondant profondeur cinquante mètres loch électrique donnait marche quinze milles l'heure j'attendais capitaine nemo parut l'horloge marquait cinq heures ned land conseil retournèrent cabine regagnai chambre dîner trouvait préparé composait d'une soupe tortue faite carets plus délicats d'un surmulet chair blanche peu feuilletée dont foie préparé part fit manger délicieux filets cette viande l'holocante-empereur dont saveur parut supérieure celle saumon passai soirée lire écrire penser puis sommeil gagnant m'étendis couche zostère m'endormis profondément pendant _nautilus_ glissait travers rapide courant fleuve-noir
14,Chapter 15,xv invitation lettre lendemain 9 novembre réveillai qu'après long sommeil douze heures conseil vint suivant habitude savoir « comment monsieur passé nuit » offrir services laissé ami canadien dormant comme homme n'aurait fait cela toute vie laissai brave garçon babiller fantaisie sans trop répondre j'étais préoccupé l'absence capitaine nemo pendant séance veille j'espérais revoir aujourd'hui bientôt j'eus revêtu vêtements byssus nature provoqua plus d'une fois réflexions conseil appris qu'ils fabriqués filaments lustrés soyeux rattachent rochers « jambonneaux » sortes coquilles très-abondantes rivages méditerranée autrefois faisait belles étoffes bas gants car fois très-moelleux très-chauds l'équipage _nautilus_ pouvait donc vêtir bon compte sans rien demander ni cotonniers ni moutons ni vers soie terre lorsque habillé rendis grand salon désert plongeai l'étude trésors conchyliologie entassés sous vitrines fouillai aussi vastes herbiers emplis plantes marines plus rares quoique desséchées conservaient leurs admirables couleurs parmi précieuses hydrophytes remarquai cladostèphes verticillées padines-paon caulerpes feuilles vigne callithamnes granifères délicates céramies teintes écarlates agares disposées éventails acétabules semblables chapeaux champignons très-déprimés longtemps classées parmi zoophytes enfin toute série varechs journée entière passa sans honoré visite capitaine nemo panneaux salon s'ouvrirent peut-être voulait-on blaser belles choses direction _nautilus_ maintint l'est-nord-est vitesse douze milles profondeur entre cinquante soixante mètres lendemain 10 novembre abandon solitude vis personne l'équipage ned conseil passèrent plus grande partie journée s'étonnèrent l'inexplicable absence capitaine cet homme singulier était-il malade voulait-il modifier projets égard après tout suivant remarque conseil jouissions d'une entière liberté délicatement abondamment nourris hôte tenait termes traité pouvions plaindre d'ailleurs singularité destinée réservait si belles compensations n'avions encore droit l'accuser jour-là commençai journal aventures a permis raconter plus scrupuleuse exactitude détail curieux l'écrivis papier fabriqué zostère marine 11 novembre grand matin l'air frais répandu l'intérieur _nautilus_ m'apprit revenus surface l'océan afin renouveler provisions d'oxygène dirigeai vers l'escalier central montai plate-forme six heures trouvai temps couvert mer grise calme a peine houle capitaine nemo j'espérais rencontrer là viendrait-il n'aperçus timonier emprisonné cage verre assis saillie produite coque canot j'aspirai délices émanations salines peu peu brume dissipa sous l'action rayons solaires l'astre radieux débordait l'horizon oriental mer s'enflamma sous regard comme traînée poudre nuages éparpillés hauteurs colorèrent tons vifs admirablement nuancés nombreuses « langues chat » 7 annoncèrent vent toute journée 7 petits nuages blancs légers dentelés leurs bords faisait vent _nautilus_ tempêtes pouvaient effrayer j'admirais donc joyeux lever soleil si gai si vivifiant lorsque j'entendis quelqu'un monter vers plate-forme préparais saluer capitaine nemo second —que j'avais déjà vu pendant première visite capitaine —qui apparut s'avança plate-forme sembla s'apercevoir présence puissante lunette yeux scruta tous points l'horizon attention extrême puis cet examen fait s'approcha panneau prononça phrase dont voici exactement termes l'ai retenue car chaque matin reproduisit conditions identiques ainsi conçue illustration mer s'enflamma regard page 111 « nautron respoc lorni virch. » qu'elle signifiait saurais dire mots prononcés second redescendit pensai _nautilus_ allait reprendre navigation sous-marine regagnai donc panneau coursives revins chambre cinq jours s'écoulèrent ainsi sans situation modifiât chaque matin montais plate-forme phrase prononcée individu capitaine nemo paraissait j'avais pris parti plus voir quand 16 novembre rentré chambre ned conseil trouvai table billet adresse illustration fis honneur repas page 115 l'ouvris d'une main impatiente écrit d'une écriture franche nette peu gothique rappelait types allemands billet libellé termes « monsieur professeur aronnax bord _nautilus_ « 16 novembre 1867 » capitaine nemo invite monsieur professeur aronnax partie chasse lieu demain matin forêts l'île crespo espère rien n'empêchera monsieur professeur assister verra plaisir compagnons joignent « commandant _nautilus_ « capitaine nemo. » « chasse s'écria ned —et forêts l'île crespo ajouta conseil —mais va donc terre particulier-là reprit ned land —cela paraît clairement indiqué dis-je relisant lettre —eh bien faut accepter répliqua canadien fois terre ferme aviserons prendre parti d'ailleurs fâché manger quelques morceaux venaison fraîche. » sans chercher concilier qu'il contradictoire entre l'horreur manifeste capitaine nemo continents îles invitation chasser forêt contentai répondre « voyons d'abord c'est l'île crespo. » consultai planisphère 32° 40′ latitude nord 167° 50′ longitude ouest trouvai îlot reconnu 1801 capitaine crespo anciennes cartes espagnoles nommaient rocca plata c'est-à-dire « roche d'argent. » donc dix-huit cents milles environ point départ direction peu modifiée _nautilus_ ramenait vers sud-est montrai compagnons petit roc perdu milieu pacifique nord « si capitaine nemo va quelquefois terre dis-je choisit moins îles absolument désertes » ned land hocha tête sans répondre puis conseil quittèrent après souper servi stewart muet impassible m'endormis non sans quelque préoccupation lendemain 17 novembre réveil sentis _nautilus_ absolument immobile m'habillai lestement j'entrai grand salon capitaine nemo là m'attendait leva salua demanda s'il convenait l'accompagner comme fit aucune allusion absence pendant huit jours m'abstins parler répondis simplement compagnons prêts suivre « seulement monsieur ajoutai-je permettrai adresser question —adressez monsieur aronnax si puis répondre répondrai —eh bien capitaine comment fait-il rompu toute relation terre possédiez forêts l'île crespo —monsieur professeur répondit capitaine forêts possède demandent soleil ni lumière ni chaleur ni lions ni tigres ni panthères ni aucun quadrupède fréquentent elles connues seul elles poussent seul point forêts terrestres bien forêts sous-marines —des forêts sous-marines m'écriai-je —oui monsieur professeur —et m'offrez conduire —précisément —a pied —et pied sec —en chassant —en chassant —le fusil main —le fusil main. » regardai commandant _nautilus_ d'un air n'avait rien flatteur personne « décidément a cerveau malade pensai-je a accès a duré huit jours dure encore c'est dommage l'aimais mieux étrange fou » cette pensée lisait clairement visage capitaine nemo contenta m'inviter suivre suivis homme résigné tout arrivâmes salle manger où déjeuner trouvait servi « monsieur aronnax dit capitaine prierai partager déjeuner sans façon causerons mangeant si promis promenade forêt point engagé faire rencontrer restaurant déjeunez donc homme dînera probablement fort tard. » fis honneur repas composait divers poissons tranches d'holoturies excellents zoophytes relevé d'algues très-apéritives telles _porphyria laciniata_ _laurentia primafetida_ boisson composait d'eau limpide laquelle l'exemple capitaine j'ajoutai quelques gouttes d'une liqueur fermentée extraite suivant mode kamchatkienne l'algue connue sous nom « rhodoménie palmée. » capitaine nemo mangea d'abord sans prononcer seule parole puis dit « monsieur professeur quand proposé venir chasser forêts crespo m'avez cru contradiction moi-même quand appris qu'il s'agissait forêts sous-marines m'avez cru fou monsieur professeur faut jamais juger hommes légère —mais capitaine croyez ... —veuillez m'écouter verrez si devez m'accuser folie contradiction —je écoute —monsieur professeur savez aussi bien l'homme peut vivre sous l'eau condition d'emporter provision d'air respirable travaux sous-marins l'ouvrier revêtu d'un vêtement imperméable tête emprisonnée capsule métal reçoit l'air l'extérieur moyen pompes foulantes régulateurs d'écoulement —c'est l'appareil scaphandres dis-je —en effet conditions l'homme n'est libre rattaché pompe envoie l'air tuyau caoutchouc véritable chaîne rive terre si devions être ainsi retenus _nautilus_ pourrions aller loin —et moyen d'être libre demandai-je —c'est d'employer l'appareil rouquayrol-denayrouze imaginé deux compatriotes j'ai perfectionné usage permettra risquer nouvelles conditions physiologiques sans organes souffrent aucunement compose d'un réservoir tôle épaisse lequel j'emmagasine l'air sous pression cinquante atmosphères réservoir fixe dos moyen bretelles comme sac soldat partie supérieure forme boîte d'où l'air maintenu mécanisme soufflet peut s'échapper tension normale l'appareil rouquayrol tel qu'il employé deux tuyaux caoutchouc partant cette boîte viennent aboutir sorte pavillon emprisonne nez bouche l'opérateur l'un sert l'introduction l'air inspiré l'autre l'issue l'air expiré langue ferme celui-ci celui-là suivant besoins respiration affronte pressions considérables fond mers j'ai dû enfermer tête comme celle scaphandres sphère cuivre c'est cette sphère qu'aboutissent deux tuyaux inspirateurs expirateurs —parfaitement capitaine nemo l'air emportez doit s'user vite dès qu'il contient plus quinze cent d'oxygène devient irrespirable —sans doute l'ai dit monsieur aronnax pompes _nautilus_ permettent l'emmagasiner sous pression considérable conditions réservoir l'appareil peut fournir l'air respirable pendant neuf dix heures —je n'ai plus d'objection faire répondis-je demanderai seulement capitaine comment pouvez éclairer route fond l'océan —avec l'appareil ruhmkorff monsieur aronnax si premier porte dos second s'attache ceinture compose d'une pile bunzen mets activité non bichromate potasse sodium bobine d'induction recueille l'électricité produite dirige vers lanterne d'une disposition particulière cette lanterne trouve serpentin verre contient seulement résidu gaz carbonique quand l'appareil fonctionne gaz devient lumineux donnant lumière blanchâtre continue ainsi pourvu respire vois —capitaine nemo toutes objections faites si écrasantes réponses n'ose plus douter cependant si bien forcé d'admettre appareils rouquayrol ruhmkorff demande faire réserves fusil dont voulez m'armer —mais n'est point fusil poudre répondit capitaine —c'est donc fusil vent —sans doute comment voulez-vous fabrique poudre bord n'ayant ni salpêtre ni soufre ni charbon —d'ailleurs dis-je tirer sous l'eau milieu huit cent cinquante-cinq fois plus dense l'air faudrait vaincre résistance considérable —ce raison existe certains canons perfectionnés après fulton anglais philippe coles burley français furcy l'italien landi munis d'un système particulier fermeture peuvent tirer conditions répète n'ayant poudre l'ai remplacée l'air haute pression pompes _nautilus_ fournissent abondamment —mais cet air doit rapidement s'user —eh bien n'ai-je réservoir rouquayrol peut besoin m'en fournir suffit cela d'un robinet _ad hoc_ d'ailleurs monsieur aronnax verrez vous-même pendant chasses sous-marines fait grande dépense d'air ni balles —cependant semble cette demi-obscurité milieu liquide très-dense rapport l'atmosphère coups peuvent porter loin difficilement mortels —monsieur fusil tous coups mortels contraire dès qu'un animal touché si légèrement tombe foudroyé —pourquoi —parce balles ordinaires fusil lance petites capsules verre —inventées chimiste autrichien leniebroek —et dont j'ai approvisionnement considérable capsules verre recouvertes d'une armature d'acier alourdies culot plomb véritables petites bouteilles leyde lesquelles l'électricité forcée très-haute tension plus léger choc elles déchargent l'animal si puissant qu'il tombe mort j'ajouterai capsules plus grosses numéro quatre charge d'un fusil ordinaire pourrait contenir dix —je discute plus répondis-je levant table n'ai plus prendre fusil d'ailleurs où irez j'irai. » capitaine nemo conduisit vers l'arrière _nautilus_ passant devant cabine ned conseil j'appelai deux compagnons suivirent aussitôt puis arrivâmes cellule située abord près chambre machines laquelle devions revêtir vêtements promenade
15,Chapter 16,xvi promenade plaine cette cellule proprement parler l'arsenal vestiaire _nautilus_ douzaine d'appareils scaphandres suspendus paroi attendaient promeneurs ned land voyant manifesta répugnance évidente s'en revêtir « brave ned dis-je forêts l'île crespo forêts sous-marines —bon fit harponneur désappointé voyait s'évanouir rêves viande fraîche monsieur aronnax allez introduire habits-là —il faut bien maître ned —libre monsieur répondit harponneur haussant épaules quant moins qu'on force n'entrerai jamais là-dedans —on forcera maître ned dit capitaine nemo —et conseil va risquer demanda ned —je monsieur partout où va monsieur » répondit conseil appel capitaine deux hommes l'équipage vinrent aider revêtir lourds vêtements imperméables faits caoutchouc sans couture préparés manière supporter pressions considérables dit armure fois souple résistante vêtements formaient pantalon veste pantalon terminait d'épaisses chaussures garnies lourdes semelles plomb tissu veste maintenu lamelles cuivre cuirassaient poitrine défendaient contre poussée eaux laissaient poumons fonctionner librement manches finissaient forme gants assouplis contrariaient aucunement mouvements main loin voit scaphandres perfectionnés vêtements informes tels cuirasses liége soubrevestes habits mer coffres etc. inventés prônés xviiie siècle capitaine nemo compagnons —sorte d'hercule devait être d'une force prodigieuse —conseil bientôt revêtu habits scaphandres s'agissait plus d'emboîter tête sphère métallique avant procéder cette opération demandai capitaine permission d'examiner fusils destinés l'un hommes _nautilus_ présenta fusil simple dont crosse faite tôle d'acier creuse l'intérieur d'assez grande dimension servait réservoir l'air comprimé qu'une soupape manœuvrée gâchette laissait échapper tube métal boîte projectiles évidée l'épaisseur crosse renfermait vingtaine balles électriques moyen d'un ressort plaçaient automatiquement canon fusil dès qu'un coup tiré l'autre prêt partir « capitaine nemo dis-je cette arme parfaite d'un maniement facile demande plus l'essayer comment allons-nous gagner fond mer —en moment monsieur professeur _nautilus_ échoué dix mètres d'eau n'avons plus partir —mais comment sortirons-nous —vous l'allez voir. » capitaine nemo introduisit tête calotte sphérique conseil fîmes autant non sans avoir entendu canadien lancer « bonne chasse » ironique haut vêtement terminé collet cuivre taraudé lequel vissait casque métal trois trous protégés verres épais permettaient voir suivant toutes directions rien qu'en tournant tête l'intérieur cette sphère dès qu'elle place appareils rouquayrol placés dos commencèrent fonctionner compte respirai l'aise illustration j'étais prêt partir page 120 lampe ruhmkorff suspendue ceinture fusil main j'étais prêt partir être franc emprisonné lourds vêtements cloué tillac semelles plomb m'eût impossible faire cas prévu car sentis l'on poussait petite chambre contiguë vestiaire compagnons également remorqués suivaient j'entendis porte munie d'obturateurs refermer profonde obscurité enveloppa illustration paysage sous-marin l'île crespo après quelques minutes vif sifflement parvint oreille sentis certaine impression froid monter pieds poitrine évidemment l'intérieur bateau robinet donné entrée l'eau extérieure envahissait dont cette chambre bientôt remplie seconde porte percée flanc _nautilus_ s'ouvrit alors demi-jour éclaira instant après pieds foulaient fond mer maintenant comment pourrais-je retracer impressions a laissées cette promenade sous eaux mots impuissants raconter telles merveilles quand pinceau lui-même inhabile rendre effets particuliers l'élément liquide comment plume saurait-elle reproduire capitaine nemo marchait avant compagnon suivait quelques arrière conseil restions l'un près l'autre comme si échange paroles possible travers carapaces métalliques sentais déjà plus lourdeur vêtements chaussures réservoir d'air ni poids cette épaisse sphère milieu laquelle tête ballottait comme amande coquille tous objets plongés l'eau perdaient partie poids égale celui liquide déplacé trouvais très-bien cette loi physique reconnue archimède n'étais plus masse inerte j'avais liberté mouvement relativement grande lumière éclairait sol jusqu trente pieds au-dessous surface l'océan m'étonna puissance rayons solaires traversaient aisément cette masse aqueuse dissipaient coloration distinguais nettement objets distance cent mètres delà fonds nuançaient fines dégradations l'outremer puis bleuissaient lointains s'effaçaient milieu d'une vague obscurité véritablement cette eau m'entourait n'était qu'une sorte d'air plus dense l'atmosphère terrestre presque aussi diaphane au-dessus j'apercevais calme surface mer marchions sable fin uni non ridé comme celui plages conserve l'empreinte houle tapis éblouissant véritable réflecteur repoussait rayons soleil surprenante intensité là cette immense réverbération pénétrait toutes molécules liquides serai-je cru si j'affirme cette profondeur trente pieds voyais comme plein jour pendant quart d'heure foulai sable ardent semé d'une impalpable poussière coquillages coque _nautilus_ dessinée comme long écueil disparaissait peu peu fanal lorsque nuit faite milieu eaux devait faciliter retour bord projetant rayons netteté parfaite effet difficile comprendre a vu terre nappes blanchâtres si vivement accusées là poussière dont l'air saturé donne l'apparence d'un brouillard lumineux mer comme sous mer traits électriques transmettent incomparable pureté cependant allions toujours vaste plaine sable semblait être sans bornes j'écartais main rideaux liquides refermaient derrière trace s'effaçait soudain sous pression l'eau bientôt quelques formes d'objets peine estompées l'éloignement dessinèrent yeux reconnus magnifiques premiers plans rochers tapissés zoophytes plus bel échantillon tout d'abord frappé d'un effet spécial milieu alors dix heures matin rayons soleil frappaient surface flots sous angle assez oblique contact lumière décomposée réfraction comme travers prisme fleurs rochers plantules coquillages polypes nuançaient leurs bords sept couleurs spectre solaire c'était merveille fête yeux cet enchevêtrement tons colorés véritable kaléidoscopie vert jaune d'orange violet d'indigo bleu mot toute palette d'un coloriste enragé pouvais-je communiquer conseil vives sensations montaient cerveau rivaliser d'interjections admiratives savais-je comme capitaine nemo compagnon échanger pensées moyen signes convenus aussi faute mieux parlais moi-même criais boîte cuivre coiffait tête dépensant peut-être vaines paroles plus d'air qu'il convenait devant splendide spectacle conseil s'était arrêté comme évidemment digne garçon présence échantillons zoophytes mollusques classait classait toujours polypes échinodermes abondaient sol isis variées cornulaires vivent isolément touffes d'oculines vierges désignées autrefois sous nom « corail blanc » fongies hérissées forme champignons anémones adhérant disque musculaire figuraient parterre fleurs émaillé porpites parées collerette tentacules azurés d'étoiles mer constellaient sable d'astérophytons verruqueux fines dentelles brodées main naïades dont festons balançaient faibles ondulations provoquées marche c'était véritable chagrin d'écraser sous brillants spécimens mollusques jonchaient sol milliers peignes concentriques marteaux donaces véritables coquilles bondissantes troques casques rouges strombes aile-d'ange aphysies tant d'autres produits cet inépuisable océan fallait marcher allions avant pendant voguaient au-dessus têtes troupes physalies laissant leurs tentacules d'outre-mer flotter traîne méduses dont l'ombrelle opaline rose tendre festonnée d'un liston d'azur abritait rayons solaires pélagies panopyres l'obscurité semé chemin lueurs phosphorescentes toutes merveilles entrevis l'espace d'un quart mille m'arrêtant peine suivant capitaine nemo rappelait d'un geste bientôt nature sol modifia a plaine sable succéda couche vase visqueuse américains nomment « oaze » uniquement composée coquilles siliceuses calcaires puis parcourûmes prairie d'algues plantes pélagiennes eaux n'avaient encore arrachées dont végétation fougueuse pelouses tissu serré douces pied rivalisé plus moelleux tapis tissés main hommes temps verdure s'étalait sous n'abandonnait têtes léger berceau plantes marines classées cette exubérante famille algues dont connaît plus deux mille espèces croisait surface eaux voyais flotter longs rubans fucus uns globuleux autres tubulés laurencies cladostèphes feuillage si délié rhodymènes palmés semblables éventails cactus j'observai plantes vertes maintenaient plus près surface mer tandis rouges occupaient profondeur moyenne laissant hydrophytes noires brunes soin former jardins parterres couches reculées l'océan algues véritablement prodige création merveilles flore universelle cette famille produit fois plus petits plus grands végétaux globe car qu'on a compté quarante mille imperceptibles plantules espace cinq millimètres carrés a recueilli fucus dont longueur dépassait cinq cents mètres quitté _nautilus_ depuis heure demie environ près midi m'en aperçus perpendiculaire rayons solaires réfractaient plus magie couleurs disparut peu peu nuances l'émeraude saphir s'effacèrent firmament marchions d'un régulier résonnait sol intensité étonnante moindres bruits transmettaient vitesse laquelle l'oreille n'est habituée terre effet l'eau meilleur véhicule l'air propage rapidité quadruple moment sol s'abaissa pente prononcée lumière prit teinte uniforme atteignîmes profondeur cent mètres subissant alors pression dix atmosphères vêtement scaphandre établi conditions telles souffrais aucunement cette pression sentais seulement certaine gêne articulations doigts encore malaise tarda-t-il disparaître quant fatigue devait amener cette promenade deux heures sous harnachement dont j'avais si peu l'habitude nulle mouvements aidés l'eau produisaient surprenante facilité arrivé cette profondeur trois cents pieds percevais encore rayons soleil faiblement a éclat intense succédé crépuscule rougeâtre moyen terme entre jour nuit cependant voyions suffisamment conduire n'était encore nécessaire mettre appareils ruhmkorff activité moment capitaine nemo s'arrêta attendit l'eusse rejoint doigt montra quelques masses obscures s'accusaient l'ombre petite distance « c'est forêt l'île crespo » pensai-je trompais
16,Chapter 17,xvii forêt sous-marine enfin arrivés lisière cette forêt sans doute l'une plus belles l'immense domaine capitaine nemo considérait comme sienne s'attribuait mêmes droits qu'avaient premiers hommes premiers jours monde d'ailleurs disputé possession cette propriété sous-marine quel autre pionnier plus hardi venu hache main défricher sombres taillis cette forêt composait grandes plantes arborescentes dès pénétré sous vastes arceaux regards tout d'abord frappés d'une singulière disposition leurs ramures —disposition n'avais encore observée jusqu'alors aucune herbes tapissaient sol aucune branches hérissaient arbrisseaux rampait ni courbait ni s'étendait plan horizontal toutes montaient vers surface l'océan filaments rubans si minces qu'ils tinssent droit comme tiges fer fucus lianes développaient suivant ligne rigide perpendiculaire commandée densité l'élément produits immobiles d'ailleurs lorsque écartais main plantes reprenaient aussitôt position première c'était ici règne verticalité bientôt m'habituai cette disposition bizarre ainsi l'obscurité relative enveloppait sol forêt semé blocs aigus difficiles éviter flore sous-marine parut être assez complète plus riche qu'elle l'eût sous zones arctiques tropicales où produits moins nombreux pendant quelques minutes confondis involontairement règnes entre prenant zoophytes hydrophytes animaux plantes trompé faune flore touchent si près monde sous-marin j'observai toutes productions règne végétal tenaient sol empâtement superficiel dépourvues racines indifférentes corps solide sable coquillage test galet supporte elles demandent qu'un point d'appui non vitalité plantes procèdent d'elles-mêmes principe existence cette eau soutient nourrit plupart lieu feuilles poussaient lamelles formes capricieuses circonscrites gamme restreinte couleurs comprenait rose carmin vert l'olivâtre fauve brun revis là non plus desséchées comme échantillons _nautilus_ padines-paons déployées éventails semblaient solliciter brise céramies écarlates laminaires allongeant leurs jeunes pousses comestibles néréocystées filiformes fluxueuses s'épanouissaient hauteur quinze mètres bouquets d'acétabules dont tiges grandissent sommet nombre d'autres plantes pélagiennes toutes dépourvues fleurs « curieuse anomalie bizarre élément a dit spirituel naturaliste où règne animal fleurit où règne végétal fleurit » entre divers arbrisseaux grands comme arbres zones tempérées sous ombre humide massaient véritables buissons fleurs vivantes haies zoophytes lesquels s'épanouissaient méandrines zébrées sillons tortueux cariophylles jaunâtres tentacules diaphanes touffes gazonnantes zoanthaires —et compléter l'illusion —les poissons-mouches volaient branches branches comme essaim colibris tandis jaunes lépisacanthes mâchoire hérissée écailles aiguës dactyloptères monocentres levaient sous semblables troupe bécassines vers heure capitaine nemo donna signal halte j'en assez satisfait compte étendîmes sous berceau d'alariées dont longues lanières amincies dressaient comme flèches cet instant repos parut délicieux manquait charme conversation impossible parler impossible répondre j'approchai seulement grosse tête cuivre tête conseil vis yeux brave garçon briller contentement signe satisfaction s'agita carapace l'air plus comique monde après quatre heures cette promenade très-étonné ressentir violent besoin manger a quoi tenait cette disposition l'estomac saurais dire revanche j'éprouvais insurmontable envie dormir ainsi qu'il arrive tous plongeurs aussi yeux fermèrent-ils bientôt derrière épaisse vitre tombai invincible somnolence mouvement marche seul pu combattre jusqu'alors capitaine nemo robuste compagnon étendus limpide cristal donnaient l'exemple sommeil combien temps restai-je ainsi plongé cet assoupissement pus l'évaluer lorsque réveillai sembla soleil s'abaissait vers l'horizon capitaine nemo s'était déjà relevé commençais détirer membres quand apparition inattendue remit brusquement pieds a quelques monstrueuse araignée mer haute d'un mètre regardait yeux louches prête s'élancer quoique habit scaphandre assez épais défendre contre morsures cet animal pus retenir mouvement d'horreur conseil matelot _nautilus_ s'éveillèrent moment capitaine nemo montra compagnon hideux crustacé qu'un coup crosse abattit aussitôt vis horribles pattes monstre tordre convulsions terribles cette rencontre fit penser d'autres animaux plus redoutables devaient hanter fonds obscurs scaphandre protégerait contre leurs attaques songé jusqu'alors résolus tenir gardes supposais d'ailleurs cette halte marquait terme promenade trompais lieu retourner _nautilus_ capitaine nemo continua audacieuse excursion illustration monstrueuse araignée mer page 127 sol déprimait toujours pente s'accusant davantage conduisit plus grandes profondeurs devait être peu près trois heures quand atteignîmes étroite vallée creusée entre hautes parois pic située cent cinquante mètres fond grâce perfection appareils dépassions ainsi quatre-vingt-dix mètres limite nature semblait avoir imposée jusqu'ici excursions sous-marines l'homme illustration geste capitaine fit faire halte page 130 dis cent cinquante mètres bien qu'aucun instrument permît d'évaluer cette distance savais mers plus limpides rayons solaires pouvaient pénétrer plus avant or précisément l'obscurité devint profonde aucun objet n'était visible dix marchais donc tâtonnant quand vis briller subitement lumière blanche assez vive capitaine nemo venait mettre appareil électrique activité compagnon l'imita conseil suivîmes exemple j'établis tournant vis communication entre bobine serpentin verre mer éclairée quatre lanternes s'illumina rayon vingt-cinq mètres capitaine nemo continua s'enfoncer obscures profondeurs forêt dont arbrisseaux raréfiaient plus plus j'observai vie végétale disparaissait plus vite vie animale plantes pélagiennes abandonnaient déjà sol devenu aride qu'un nombre prodigieux d'animaux zoophytes articulés mollusques poissons pullulaient encore tout marchant pensais lumière appareils ruhmkorff devait nécessairement attirer quelques habitants sombres couches s'ils approchèrent tinrent moins distance regrettable chasseurs plusieurs fois vis capitaine nemo s'arrêter mettre fusil joue puis après quelques instants d'observation relevait reprenait marche enfin vers quatre heures environ cette merveilleuse excursion s'acheva mur rochers superbes d'une masse imposante dressa devant entassement blocs gigantesques énorme falaise granit creusée grottes obscures présentait aucune rampe praticable c'étaient accores l'île crespo c'était terre capitaine nemo s'arrêta soudain geste fit faire halte si désireux franchir cette muraille dus m'arrêter ici finissaient domaines capitaine nemo voulait dépasser delà c'était cette portion globe qu'il devait plus fouler pied retour commença capitaine nemo repris tête petite troupe dirigeant toujours sans hésiter crus voir suivions chemin revenir _nautilus_ cette nouvelle route très-raide conséquent très-pénible rapprocha rapidement surface mer cependant retour couches supérieures tellement subit décompression fît trop rapidement pu amener organisme désordres graves déterminer lésions internes si fatales plongeurs très-promptement lumière reparut grandit soleil déjà bas l'horizon réfraction borda nouveau divers objets d'un anneau spectral a dix mètres profondeur marchions milieu d'un essaim petits poissons toute espèce plus nombreux oiseaux l'air plus agiles aussi aucun gibier aquatique digne d'un coup fusil s'était encore offert regards moment vis l'arme capitaine vivement épaulée suivre entre buissons objet mobile coup partit j'entendis faible sifflement animal retomba foudroyé quelques c'était magnifique loutre mer enhydre seul quadrupède exclusivement marin cette loutre longue d'un mètre cinquante centimètres devait avoir très-grand prix peau d'un brun marron dessus argentée dessous faisait admirables fourrures si recherchées marchés russes chinois finesse lustre poil assuraient valeur minimum deux mille francs j'admirai fort curieux mammifère tête arrondie ornée d'oreilles courtes yeux ronds moustaches blanches semblables celles chat pieds palmés unguiculés queue touffue précieux carnassier chassé traqué pêcheurs devient extrêmement rare s'est principalement réfugié portions boréales pacifique où vraisemblablement espèce tardera s'éteindre compagnon capitaine nemo vint prendre bête chargea épaule l'on remit route pendant heure plaine sable déroula devant remontait souvent moins deux mètres surface eaux voyais alors image nettement reflétée dessiner sens inverse au-dessus apparaissait troupe identique reproduisant mouvements gestes tout point semblable mot cela près qu'elle marchait tête bas pieds l'air autre effet noter c'était passage nuages épais formaient s'évanouissaient rapidement réfléchissant compris prétendus nuages n'étaient dus l'épaisseur variable longues lames fond j'apercevais « moutons » écumeux crête brisée multipliait eaux n'était jusqu l'ombre grands oiseaux passaient têtes dont surprisse rapide effleurement surface mer cette occasion témoin l'un plus beaux coups fusil jamais fait tressaillir fibres d'un chasseur grand oiseau large envergure très-nettement visible s'approchait planant compagnon capitaine nemo mit joue tira lorsqu'il quelques mètres seulement au-dessus flots l'animal tomba foudroyé chute l'entraîna jusqu portée l'adroit chasseur s'en empara c'était albatros plus belle espèce admirable spécimen oiseaux pélagiens marche n'avait interrompue cet incident pendant deux heures suivîmes tantôt plaines sableuses tantôt prairies varechs fort pénibles traverser franchement n'en pouvais plus quand j'aperçus vague lueur rompait demi-mille l'obscurité eaux c'était fanal _nautilus_ avant vingt minutes devions être bord là respirerais l'aise car semblait réservoir fournissait plus qu'un air très-pauvre oxygène comptais sans rencontre retarda quelque peu arrivée j'étais resté d'une vingtaine arrière lorsque vis capitaine nemo revenir brusquement vers main vigoureuse courba terre tandis compagnon faisait autant conseil tout d'abord sus trop penser cette brusque attaque rassurai observant capitaine couchait près demeurait immobile j'étais donc étendu sol précisément l'abri d'un buisson varechs quand relevant tête j'aperçus d'énormes masses passer bruyamment jetant lueurs phosphorescentes sang glaça veines j'avais reconnu formidables squales menaçaient c'était couple tintoréas requins terribles queue énorme regard terne vitreux distillent matière phosphorescente trous percés autour museau monstrueuses mouches feu broient homme tout entier leurs mâchoires fer sais si conseil s'occupait classer compte j'observais ventre argenté gueule formidable hérissée dents point vue peu scientifique plutôt victime qu'en naturaliste très-heureusement voraces animaux voient mal passèrent sans apercevoir effleurant leurs nageoires brunâtres échappâmes comme miracle danger plus grand coup sûr rencontre d'un tigre pleine forêt demi-heure après guidés traînée électrique atteignions _nautilus_ porte extérieure restée ouverte capitaine nemo referma dès rentrés première cellule puis pressa bouton j'entendis manœuvrer pompes au-dedans navire sentis l'eau baisser autour quelques instants cellule entièrement vidée porte intérieure s'ouvrit alors passâmes vestiaire là habits scaphandre retirés non sans peine très-harassé tombant d'inanition sommeil regagnai chambre tout émerveillé cette surprenante excursion fond mers
17,Chapter 18,"xviii quatre mille lieues sous pacifique lendemain matin 18 novembre j'étais parfaitement remis fatigues veille montai plate-forme moment où second _nautilus_ prononçait phrase quotidienne vint alors l'esprit qu'elle rapportait l'état mer plutôt qu'elle signifiait « n'avons rien vue. » effet l'océan désert voile l'horizon hauteurs l'île crespo disparu pendant nuit mer absorbant couleurs prisme l'exception rayons bleus réfléchissait ceux-ci toutes directions revêtait admirable teinte d'indigo moire larges raies dessinait régulièrement flots onduleux j'admirais magnifique aspect l'océan quand capitaine nemo apparut sembla s'apercevoir présence commença série d'observations astronomiques puis opération terminée alla s'accouder cage fanal regards perdirent surface l'océan cependant vingtaine matelots _nautilus_ tous gens vigoureux bien constitués montés plate-forme venaient retirer filets mis traîne pendant nuit marins appartenaient évidemment nations différentes bien type européen indiqué chez tous reconnus tromper irlandais français quelques slaves grec candiote reste hommes sobres paroles n'employaient entre bizarre idiome dont pouvais soupçonner l'origine aussi dus renoncer interroger filets halés bord c'étaient espèces chaluts semblables ceux côtes normandes vastes poches qu'une vergue flottante chaîne transfilée mailles inférieures tiennent entr'ouvertes poches ainsi traînées leurs gantiers fer balayaient fond l'océan ramassaient tous produits passage jour-là ramenèrent curieux échantillons parages poissonneux lophies auxquels leurs mouvements comiques valu qualificatif d'histrions commersons noirs munis leurs antennes balistes ondulés entourés bandelettes rouges tétrodons-croissants dont venin extrêmement subtil quelques lamproies olivâtres macrorhinques couverts d'écailles argentées trichiures dont puissance électrique égale celle gymnote torpille notoptères écailleux bandes brunes transversales gades verdâtres plusieurs variétés gobies etc. enfin quelques poissons proportions plus vastes caranx tête proéminente long d'un mètre plusieurs beaux scombres bonites chamarrés couleurs bleues argentées trois magnifiques thons rapidité marche n'avait pu sauver chalut j'estimai coup filet rapportait plus mille livres poissons c'était belle pêche non surprenante effet filets restent traîne pendant plusieurs heures enserrent prison fil tout monde aquatique devions donc manquer vivres d'une excellente qualité rapidité _nautilus_ l'attraction lumière électrique pouvaient renouveler sans cesse divers produits mer immédiatement affalés panneau vers cambuses destinés uns être mangés frais autres être conservés pêche finie provision d'air renouvelée pensais _nautilus_ allait reprendre excursion sous-marine préparais regagner chambre quand tournant vers capitaine nemo dit sans autre préambule « voyez cet océan monsieur professeur n'est-il doué d'une vie réelle a-t-il colères tendresses hier s'est endormi comme voilà réveille après nuit paisible » ni bonjour ni bonsoir n'eût-on dit cet étrange personnage continuait conversation déjà commencée « regardez reprit-il s'éveille sous caresses soleil va revivre existence diurne c'est intéressante étude suivre jeu organisme possède pouls artères a spasmes donne raison savant maury a découvert circulation aussi réelle circulation sanguine chez animaux. » certain capitaine nemo n'attendait aucune réponse parut inutile prodiguer « évidemment » « a coup sûr » « raison. » parlait plutôt lui-même prenant longs temps entre chaque phrase c'était méditation voix haute « oui dit-il l'océan possède circulation véritable provoquer a suffi créateur toutes choses multiplier calorique sel animalcules calorique effet crée densités différentes amènent courants contre-courants l'évaporation nulle régions hyperboréennes très-active zones équatoriales constitue échange permanent eaux tropicales eaux polaires outre j'ai surpris courants haut bas bas haut forment vraie respiration l'océan j'ai vu molécule d'eau mer échauffée surface redescendre vers profondeurs atteindre maximum densité deux degrés au-dessous zéro puis refroidissant encore devenir plus légère remonter verrez pôles conséquences phénomène comprendrez pourquoi cette loi prévoyante nature congélation peut jamais produire surface eaux » pendant capitaine nemo achevait phrase disais « pôle est-ce cet audacieux personnage prétend conduire jusque là » cependant capitaine s'était regardait cet élément si complétement si incessamment étudié puis reprenant « sels dit-il quantité considérable mer monsieur professeur si enleviez tous ceux qu'elle contient dissolution feriez masse quatre millions demi lieues cubes étalée globe formerait couche plus dix mètres hauteur croyez présence sels due caprice nature non rendent eaux marines moins évaporables empêchent vents enlever trop grande quantité vapeurs résolvant submergeraient zones tempérées rôle immense rôle pondérateur l'économie générale globe » capitaine nemo s'arrêta leva fit quelques plateforme revint vers « quant infusoires reprit-il quant milliards d'animalcules existent millions gouttelette dont faut huit cent mille peser milligramme rôle n'est moins important absorbent sels marins s'assimilent éléments solides l'eau véritables faiseurs continents calcaires fabriquent coraux madrépores alors goutte d'eau privée aliment minéral s'allége remonte surface absorbe sels abandonnés l'évaporation s'alourdit redescend rapporte animalcules nouveaux éléments absorber là double courant ascendant descendant toujours mouvement toujours vie vie plus intense continents plus exubérante plus infinie s'épanouissant toutes parties cet océan élément mort l'homme a-t-on dit élément vie myriades d'animaux —et » quand capitaine nemo parlait ainsi transfigurait provoquait extraordinaire émotion illustration grand oiseau s'approchait planant page 131 « aussi ajouta-t-il là vraie existence concevrais fondation villes nautiques d'agglomérations maisons sous-marines comme _nautilus_ reviendraient respirer chaque matin surface mers villes libres s'il cités indépendantes encore sait si quelque despote ... » capitaine nemo acheva phrase geste violent puis s'adressant directement comme chasser pensée funeste « monsieur aronnax demanda-t-il savez-vous quelle profondeur l'océan —je sais moins capitaine principaux sondages appris illustration pouvait compter calmars millions page 139 —pourriez-vous citer afin contrôle besoin —en voici quelques-uns répondis-je reviennent mémoire si trompe a trouvé profondeur moyenne huit mille deux cents mètres l'atlantique nord deux mille cinq cents mètres méditerranée plus remarquables sondes faites l'atlantique sud près trente-cinquième degré elles donné douze mille mètres quatorze mille quatre-vingt onze mètres quinze mille cent quarante-neuf mètres somme estime si fond mer nivelé profondeur moyenne sept kilomètres environ —bien monsieur professeur répondit capitaine nemo montrerons mieux cela l'espère quant profondeur moyenne cette partie pacifique apprendrai qu'elle seulement quatre mille mètres. » ceci dit capitaine nemo dirigea vers panneau disparut l'échelle suivis regagnai grand salon l'hélice mit aussitôt mouvement loch accusa vitesse vingt milles l'heure pendant jours pendant semaines s'écoulèrent capitaine nemo très-sobre visites vis rares intervalles second faisait régulièrement point trouvais reporté carte telle sorte pouvais relever exactement route _nautilus_ conseil land passaient longues heures conseil raconté ami merveilles promenade canadien regrettait avoir point accompagnés j'espérais l'occasion représenterait visiter forêts océaniennes presque chaque jour pendant quelques heures panneaux salon s'ouvraient yeux fatiguaient pénétrer mystères monde sous-marin direction générale _nautilus_ sud-est maintenait entre cent mètres cent cinquante mètres profondeur jour cependant sais quel caprice entraîné diagonalement moyen plans inclinés atteignit couches d'eau situées deux mille mètres thermomètre indiquait température 4,25 centigrades température sous cette profondeur paraît être commune toutes latitudes 26 novembre trois heures matin _nautilus_ franchit tropique cancer 172° longitude 27 passa vue sandwich où l'illustre cook trouva mort 14 février 1779 alors fait quatre mille huit cent soixante lieues depuis point départ matin lorsque j'arrivai plate-forme j'aperçus deux milles sous vent haouaï plus considérable sept îles forment cet archipel distinguai nettement lisière cultivée diverses chaînes montagnes courent parallèlement côte volcans domine mouna-rea élevé cinq mille mètres au-dessus niveau mer entre autres échantillons parages filets rapportèrent flabellaires pavonées polypes comprimés forme gracieuse particuliers cette partie l'océan direction _nautilus_ maintint sud-est coupa l'équateur 1er décembre 142° longitude 4 mois après rapide traversée signala aucun incident connaissance groupe marquises j'aperçus trois milles 8° 57′ latitude sud 139° 32′ longitude ouest pointe martin nouka-hiva principale groupe appartient france vis seulement montagnes boisées dessinaient l'horizon car capitaine nemo n'aimait rallier terres là filets rapportèrent beaux spécimens poissons choryphènes nageoires azurées queue d'or dont chair sans rivale monde hologymnoses peu près dépourvus d'écailles d'un goût exquis ostorhinques mâchoire osseuse thasards jaunâtres valaient bonite tous poissons dignes d'être classés l'office bord après avoir quitté îles charmantes protégées pavillon français 4 11 décembre _nautilus_ parcourut environ deux mille milles cette navigation marquée rencontre d'une immense troupe calmars curieux mollusques très-voisins seiche pêcheurs français désignent sous nom d'encornets appartiennent classe céphalopodes famille dibranchiaux comprend seiches argonautes animaux particulièrement étudiés naturalistes l'antiquité fournissaient nombreuses métaphores orateurs l'agora temps qu'un plat excellent table riches citoyens s'il faut croire athénée médecin grec vivait avant galien pendant nuit 9 10 décembre _nautilus_ rencontra cette armée mollusques particulièrement nocturnes pouvait compter millions émigraient zones tempérées vers zones plus chaudes suivant l'itinéraire harengs sardines regardions travers épaisses vitres cristal nageant reculons extrême rapidité mouvant moyen tube locomoteur poursuivant poissons mollusques mangeant petits mangés gros agitant confusion indescriptible dix pieds nature a implantés tête comme chevelure serpents pneumatiques _nautilus_ malgré vitesse navigua pendant plusieurs heures milieu cette troupe d'animaux filets ramenèrent innombrable quantité où reconnus neuf espèces d'orbigny a classées l'océan pacifique voit pendant cette traversée mer prodiguait incessamment plus merveilleux spectacles variait l'infini changeait décor mise scène plaisir yeux appelés non-seulement contempler œuvres créateur milieu l'élément liquide encore pénétrer plus redoutables mystères l'océan pendant journée 11 décembre j'étais occupé lire grand salon ned land conseil observaient eaux lumineuses panneaux entr'ouverts _nautilus_ immobile réservoirs remplis tenait profondeur mille mètres région peu habitée océans laquelle gros poissons faisaient seuls rares apparitions lisais moment livre charmant jean macé _serviteurs l'estomac_ j'en savourais leçons ingénieuses lorsque conseil interrompit lecture « monsieur veut-il venir instant dit-il d'une voix singulière —qu a-t-il donc conseil —que monsieur regarde. » levai j'allai m'accouder devant vitre regardai pleine lumière électrique énorme masse noirâtre immobile tenait suspendue milieu eaux l'observai attentivement cherchant reconnaître nature gigantesque cétacé pensée traversa subitement esprit « navire m'écriai-je —oui répondit canadien bâtiment désemparé a coulé pic » ned land trompait présence d'un navire dont haubans coupés pendaient encore leurs cadènes coque paraissait être bon état naufrage datait plus quelques heures trois tronçons mâts rasés deux pieds au-dessus pont indiquaient navire engagé dû sacrifier mâture couché flanc s'était rempli donnait encore bande bâbord triste spectacle celui cette carcasse perdue sous flots plus triste encore vue pont où quelques cadavres amarrés cordes gisaient encore j'en comptai quatre —quatre hommes dont l'un tenait debout gouvernail —puis femme demi-sortie claire-voie dunette tenant enfant bras cette femme jeune pus reconnaître vivement éclairés feux _nautilus_ traits l'eau n'avait encore décomposés suprême effort élevé au-dessus tête enfant pauvre petit être dont bras enlaçaient cou mère l'attitude quatre marins parut effrayante tordus qu'ils mouvements convulsifs faisant dernier effort s'arracher cordes liaient navire seul plus calme face nette grave cheveux grisonnants collés front main crispée roue gouvernail timonier semblait encore conduire trois-mâts naufragé travers profondeurs l'océan quelle scène muets cœur palpitant devant naufrage pris fait ainsi dire photographié dernière minute voyais déjà s'avancer l'œil feu d'énormes squales attirés cet appât chair humaine cependant _nautilus_ évoluant tourna autour navire submergé instant pus lire tableau d'arrière _florida sunderland._"
18,Chapter 19,xix vanikoro terrible spectacle inaugurait série catastrophes maritimes _nautilus_ devait rencontrer route depuis qu'il suivait mers plus fréquentées apercevions souvent coques naufragées achevaient pourrir entre deux eaux plus profondément canons boulets ancres chaînes mille autres objets fer rouille dévorait cependant toujours entraînés _nautilus_ où vivions comme isolés 11 décembre connaissance l'archipel pomotou ancien « groupe dangereux » bougainville s'étend espace cinq cents lieues l'est-sud-est l'ouest-nord-ouest entre 13° 30′ 23° 50′ latitude sud 125° 30′ 151° 30′ longitude ouest depuis l'île ducie jusqu l'île lazareff cet archipel couvre superficie trois cent soixante-dix lieues carrées formé d'une soixantaine groupes d'îles parmi lesquels remarque groupe gambier auquel france a imposé protectorat îles coralligènes soulèvement lent continu provoqué travail polypes reliera jour entre elles puis cette nouvelle île soudera plus tard archipels voisins cinquième continent s'étendra depuis nouvelle-zélande nouvelle-calédonie jusqu'aux marquises jour où développai cette théorie devant capitaine nemo répondit froidement « nouveaux continents qu'il faut terre nouveaux hommes » hasards navigation précisément conduit _nautilus_ vers l'île clermont-tonnerre l'une plus curieuses groupe découvert 1822 capitaine bell _la minerve_ pus alors étudier système madréporique auquel dues îles cet océan madrépores qu'il faut garder confondre coraux tissu revêtu d'un encroûtement calcaire modifications structure amené m. milne-edwards illustre maître classer cinq sections petits animalcules sécrètent polypier vivent milliards fond leurs cellules leurs dépôts calcaires deviennent rochers récifs îlots îles ici forment anneau circulaire entourant lagon petit lac intérieur brèches mettent communication mer là figurent barrières récifs semblables celles existent côtes nouvelle-calédonie diverses îles pomotou d'autres endroits comme réunion maurice élèvent récifs frangés hautes murailles droites près desquelles profondeurs l'océan considérables prolongeant quelques encablures seulement accores l'île clermont-tonnerre j'admirai l'ouvrage gigantesque accompli travailleurs microscopiques murailles spécialement l'œuvre madréporaires désignés noms millepores porites d'astrées méandrines polypes développent particulièrement couches agitées surface mer conséquent c'est partie supérieure qu'ils commencent substructions lesquelles s'enfoncent peu peu débris sécrétions supportent telle moins théorie m. darwin explique ainsi formation atolls —théorie supérieure selon celle donne base travaux madréporiques sommets montagnes volcans immergés quelques pieds au-dessous niveau mer pus observer très-près curieuses murailles car aplomb sonde accusait plus trois cents mètres profondeur nappes électriques faisaient étinceler brillant calcaire répondant question posa conseil durée d'accroissement barrières colossales l'étonnai beaucoup disant savants portaient cet accroissement huitième pouce siècle « donc élever murailles dit-il a fallu ... —cent quatre-vingt-douze mille ans brave conseil allonge singulièrement jours bibliques d'ailleurs formation houille c'est-à-dire minéralisation forêts enlisées déluges a exigé temps beaucoup plus considérable j'ajouterai jours bible époques non l'intervalle s'écoule entre deux levers soleil car d'après bible elle-même soleil date premier jour création. » lorsque _nautilus_ revint surface l'océan pus embrasser tout développement cette île clermont-tonnerre basse boisée roches madréporiques évidemment fertilisées trombes tempêtes jour quelque graine enlevée l'ouragan terres voisines tomba couches calcaires mêlées détritus décomposés poissons plantes marines formèrent l'humus végétal noix coco poussée lames arriva cette côte nouvelle germe prit racine l'arbre grandissant arrêta vapeur d'eau ruisseau naquit végétation gagna peu peu quelques animalcules vers insectes abordèrent troncs arrachés îles vent tortues vinrent pondre leurs œufs oiseaux nichèrent jeunes arbres cette façon vie animale développa attiré verdure fertilité l'homme apparut ainsi formèrent îles œuvres immenses d'animaux microscopiques vers soir clermont-tonnerre fondit l'éloignement route _nautilus_ modifia d'une manière sensible après avoir touché tropique capricorne cent trente-cinquième degré longitude dirigea vers l'ouest-nord-ouest remontant toute zone intertropicale quoique soleil l'été prodigue rayons souffrions aucunement chaleur car trente quarante mètres au-dessous l'eau température s'élevait au-dessus dix douze degrés 15 décembre laissions l'est séduisant archipel société gracieuse taïti reine pacifique j'aperçus matin quelques milles sous vent sommets élevés cette île eaux fournirent tables bord d'excellents poissons maquereaux bonites albicores variétés d'un serpent mer nommé munérophis _nautilus_ franchi huit mille cent milles neuf mille sept cent vingt milles relevés loch lorsqu'il passa entre l'archipel tonga-tabou où périrent équipages l'_argo_ _port-au-prince_ _duke-of-portland_ l'archipel navigateurs où tué capitaine langle l'ami pérouse puis connaissance l'archipel viti où sauvages massacrèrent matelots l'_union_ capitaine bureau nantes commandant l'_aimable-joséphine_ cet archipel prolonge étendue cent lieues nord sud quatre-vingt-dix lieues l'est l'ouest compris entre 6° 2° latitude sud 174° 179° longitude ouest compose d'un certain nombre d'îles d'îlots d'écueils parmi lesquels remarque îles viti-levou vanoua-levou kandubon tasman découvrit groupe 1643 l'année où toricelli inventait baromètre où louis xiv montait trône laisse penser lequel faits plus utile l'humanité vinrent ensuite cook 1714 d'entrecasteaux 1793 enfin dumont-d'urville 1827 débrouilla tout chaos géographique cet archipel _nautilus_ s'approcha baie wailea théâtre terribles aventures capitaine dillon premier éclaira mystère naufrage pérouse illustration présence d'un navire page 140 cette baie draguée plusieurs reprises fournit abondamment huîtres excellentes mangeâmes immodérément après avoir ouvertes table suivant précepte sénèque mollusques appartenaient l'espèce connue sous nom d'_ostrea lamellosa_ très-commune corse banc wailea devait être considérable certainement sans causes multiples destruction agglomérations finiraient combler baies puisque l'on compte jusqu deux millions d'œufs seul individu illustration l'île vanikoro page 146 si maître ned land n'eut repentir gloutonnerie cette circonstance c'est l'huître seul mets provoque jamais d'indigestion effet faut moins seize douzaines mollusques acéphales fournir trois cent quinze grammes substance azotée nécessaires nourriture quotidienne d'un seul homme 25 décembre _nautilus_ naviguait milieu l'archipel nouvelles-hébrides quiros découvrit 1606 bougainville explora 1768 auquel cook donna nom actuel 1773 groupe compose principalement neuf grandes îles forme bande cent vingt lieues nord-nord-ouest sud-sud-est comprise entre 15° 2° latitude sud entre 164° 168° longitude passâmes assez près l'île d'aurou moment observations midi m'apparut comme masse bois verts dominée pic d'une grande hauteur jour-là c'était noël ned land sembla regretter vivement célébration « christmas » véritable fête famille dont protestants fanatiques n'avais aperçu capitaine nemo depuis huitaine jours quand 27 matin entra grand salon toujours l'air d'un homme a quitté depuis cinq minutes j'étais occupé reconnaître planisphère route _nautilus_ capitaine s'approcha posa doigt point carte prononça seul mot « vanikoro. » nom magique c'était nom îlots lesquels vinrent perdre vaisseaux pérouse relevai subitement « _nautilus_ porte vanikoro demandai-je —oui monsieur professeur répondit capitaine —et pourrai visiter îles célèbres où brisèrent _boussole_ l'_astrolabe_ —si cela plaît monsieur professeur —quand serons-nous vanikoro —nous monsieur professeur. » suivi capitaine nemo montai plate-forme là regards parcoururent avidement l'horizon nord-est émergeaient deux îles volcaniques d'inégale grandeur entourées d'un récif coraux mesurait quarante milles circuit présence l'île vanikoro proprement dite laquelle dumont d'urville imposa nom d'île recherche précisément devant petit havre vanou situé 16° 4′ latitude sud 164° 32′ longitude terres semblaient recouvertes verdure depuis plage jusqu'aux sommets l'intérieur dominait mont kapogo haut quatre cent soixante-seize toises _nautilus_ après avoir franchi ceinture extérieure roches étroite passe trouva en-dedans brisants où mer profondeur trente quarante brasses sous verdoyant ombrage palétuviers j'aperçus quelques sauvages montrèrent extrême surprise approche long corps noirâtre s'avançant fleur d'eau voyaient-ils quelque cétacé formidable dont devaient défier moment capitaine nemo demanda savais naufrage pérouse « tout monde sait capitaine répondis-je —et pourriez-vous m'apprendre tout monde sait demanda-t-il d'un peu ironique —très-facilement. » racontai derniers travaux dumont-d'urville fait connaître travaux dont voici résumé très-succinct pérouse second capitaine langle envoyés louis xvi 1785 accomplir voyage circumnavigation montaient corvettes _boussole_ l'_astrolabe_ reparurent plus 1791 gouvernement français justement inquiet sort deux corvettes arma deux grandes flûtes _recherche_ l'_espérance_ quittèrent brest 28 septembre sous ordres bruni d'entrecasteaux deux mois après apprenait déposition d'un certain bowen commandant l'_albermale_ débris navires naufragés vus côtes nouvelle-géorgie d'entrecasteaux ignorant cette communication —assez incertaine d'ailleurs —se dirigea vers îles l'amirauté désignées rapport capitaine hunter comme lieu naufrage pérouse recherches vaines l'_espérance_ _recherche_ passèrent devant vanikoro sans arrêter somme voyage très-malheureux car coûta vie d'entrecasteaux deux seconds plusieurs marins équipage vieux routier pacifique capitaine dillon premier retrouva traces indiscutables naufragés 15 mai 1824 navire _saint-patrick_ passa près l'île tikopia l'une nouvelles-hébrides là lascar l'ayant accosté pirogue vendit poignée d'épée argent portait l'empreinte caractères gravés burin lascar prétendait outre six ans auparavant pendant séjour vanikoro vu deux européens appartenaient navires échoués depuis longues années récifs l'île dillon devina qu'il s'agissait navires pérouse dont disparition ému monde entier voulut gagner vanikoro où suivant lascar trouvaient nombreux débris naufrage vents courants l'en empêchèrent dillon revint calcutta là sut intéresser découverte société asiatique compagnie indes navire auquel donna nom _recherche_ mis disposition partit 23 janvier 1827 accompagné d'un agent français _recherche_ après avoir relâché plusieurs points pacifique mouilla devant vanikoro 7 juillet 1827 havre vanou où _nautilus_ flottait moment là recueillit nombreux restes naufrage ustensiles fer ancres estropes poulies pierriers boulet dix-huit débris d'instruments d'astronomie morceau couronnement cloche bronze portant cette inscription « _bazin a fait_ » marque fonderie l'arsenal brest vers 1785 doute n'était donc plus possible dillon complétant renseignements resta lieu sinistre jusqu'au mois d'octobre puis quitta vanikoro dirigea vers nouvelle-zélande mouilla calcutta 7 avril 1828 revint france où très-sympathiquement accueilli charles x. moment dumont d'urville sans avoir connaissance travaux dillon déjà parti chercher ailleurs théâtre naufrage effet appris rapports d'un baleinier médailles croix saint-louis trouvaient entre mains sauvages louisiade nouvelle-calédonie dumont d'urville commandant l'_astrolabe_ donc pris mer deux mois après dillon venait quitter vanikoro mouillait devant hobart-town là connaissance résultats obtenus dillon plus apprenait qu'un certain james hobbs second l'_union_ calcutta pris terre île située 8° 18′ latitude sud 156° 30′ longitude remarqué barres fer étoffes rouges dont servaient naturels parages dumont d'urville assez perplexe sachant s'il devait ajouter foi récits rapportés journaux peu dignes confiance décida cependant lancer traces dillon 10 février 1828 l'_astrolabe_ présenta devant tikopia prit guide interprète déserteur fixé cette île fit route vers vanikoro connaissance 12 février prolongea récifs jusqu'au 14 20 seulement mouilla au-dedans barrière havre vanou 23 plusieurs officiers firent tour l'île rapportèrent quelques débris peu importants naturels adoptant système dénégations faux-fuyants refusaient mener lieu sinistre cette conduite très-louche laissa croire qu'ils maltraité naufragés effet semblaient craindre dumont d'urville venu venger pérouse infortunés compagnons cependant 26 décidés présents comprenant qu'ils n'avaient craindre aucune représaille conduisirent second m. jacquinot théâtre naufrage là trois quatre brasses d'eau entre récifs pacou vanou gisaient ancres canons saumons fer plomb empâtés concrétions calcaires chaloupe baleinière l'_astrolabe_ dirigées vers cet endroit non sans longues fatigues leurs équipages parvinrent retirer ancre pesant dix-huit cents livres canon huit fonte saumon plomb deux pierriers cuivre dumont d'urville interrogeant naturels apprit aussi pérouse après avoir perdu deux navires récifs l'île construit bâtiment plus petit aller perdre seconde fois ... où savait commandant l'_astrolabe_ fit alors élever sous touffe mangliers cénotaphe mémoire célèbre navigateur compagnons simple pyramide quadrangulaire assise base coraux laquelle n'entra aucune ferrure pût tenter cupidité naturels puis dumont d'urville voulut partir équipages minés fièvres côtes malsaines très-malade lui-même put appareiller 17 mars cependant gouvernement français craignant dumont d'urville courant travaux dillon envoyé vanikoro corvette _bayonnaise_ commandée legoarant tromelin station côte ouest l'amérique _bayonnaise_ mouilla devant vanikoro quelques mois après départ l'_astrolabe_ trouva aucun document nouveau constata sauvages respecté mausolée pérouse telle substance récit fis capitaine nemo « ainsi dit-il sait encore où allé périr troisième navire construit naufragés l'île vanikoro —on sait. » capitaine nemo répondit rien fit signe suivre grand salon _nautilus_ s'enfonça quelques mètres au-dessous flots panneaux s'ouvrirent précipitai vers vitre sous empâtements coraux revêtus fongies syphonules d'alcyons cariophyllées travers myriades poissons charmants girelles glyphisidons pomphérides diacopes holocentres reconnus certains débris dragues n'avaient pu arracher étriers fer ancres canons boulets garniture cabestan étrave tous objets provenant navires naufragés maintenant tapissés fleurs vivantes pendant regardais épaves désolées capitaine nemo dit d'une voix grave « commandant pérouse partit 7 décembre 1785 navires _boussole_ l'_astrolabe_ mouilla d'abord botany-bay visita l'archipel amis nouvelle-calédonie dirigea vers santa-cruz relâcha namouka l'une îles groupe hapaï puis navires arrivèrent récifs inconnus vanikoro _boussole_ marchait avant s'engagea côte méridionale l'_astrolabe_ vint secours s'échoua premier navire détruisit presque immédiatement second engravé sous vent résista quelques jours naturels firent assez bon accueil naufragés ceux-ci s'installèrent l'île construisirent bâtiment plus petit débris deux grands quelques matelots restèrent volontairement vanikoro autres affaiblis malades partirent pérouse dirigèrent vers îles salomon périrent corps biens côte occidentale l'île principale groupe entre caps déception satisfaction —et comment savez-vous m'écriai-je —voici j'ai trouvé lieu dernier naufrage » capitaine nemo montra boîte fer-blanc estampillée armes france toute corrodée eaux salines l'ouvrit vis liasse papiers jaunis encore lisibles c'étaient instructions ministre marine commandant pérouse annotées marge main louis xvi « ah c'est belle mort marin dit alors capitaine nemo c'est tranquille tombe cette tombe corail fasse ciel compagnons n'en jamais d'autre »
19,Chapter 20,xx détroit torrès pendant nuit 27 28 décembre _nautilus_ abandonna parages vanikoro vitesse excessive direction sud-ouest trois jours franchit sept cent cinquante lieues séparent groupe pérouse pointe sud-est papouasie 1er janvier 1863 grand matin conseil rejoignit plateforme « monsieur dit brave garçon monsieur permettra-t-il souhaiter bonne année —comment donc conseil exactement comme si j'étais paris cabinet jardin plantes j'accepte vœux t'en remercie seulement demanderai entends « bonne année » circonstances où trouvons est-ce l'année amènera fin emprisonnement l'année verra continuer cet étrange voyage —ma foi répondit conseil sais trop dire monsieur certain voyons curieuses choses depuis deux mois n'avons temps ennuyer dernière merveille toujours plus étonnante si cette progression maintient sais comment cela finira m'est avis retrouverons jamais occasion semblable —jamais conseil —en outre monsieur nemo justifie bien nom latin n'est plus gênant s'il n'existait —comme dis conseil —je pense donc n'en déplaise monsieur qu'une bonne année année permettrait tout voir ... —de tout voir conseil peut-être long qu'en pense ned land —ned land pense exactement contraire répondit conseil c'est esprit positif estomac impérieux regarder poissons toujours manger suffit manque vin pain viande cela convient guère digne saxon auquel beefsteaks familiers brandy gin pris proportion modérée n'effrayent guère —pour compte conseil n'est point là tourmente m'accommode très-bien régime bord —moi répondit conseil aussi pense autant rester maître land prendre fuite donc si l'année commence n'est bonne réciproquement cette façon toujours quelqu'un satisfait enfin conclure souhaite monsieur fera plaisir monsieur —merci conseil seulement demanderai remettre plus tard question étrennes remplacer provisoirement bonne poignée main n'ai cela illustration vis liasse papiers jaunis page 150 —monsieur a jamais si généreux » répondit conseil là-dessus brave garçon s'en alla 2 janvier fait onze mille trois cent quarante milles cinq mille deux cent cinquante lieues depuis point départ mers japon devant l'éperon _nautilus_ s'étendaient dangereux parages mer corail côte nord-est l'australie bateau prolongeait distance quelques milles redoutable banc lequel navires cook faillirent perdre 10 juin 1770 bâtiment montait cook donna roc s'il coula grâce cette circonstance morceau corail détaché choc resta engagé coque entr'ouverte illustration _nautilus_ venait toucher page 156 j'aurais vivement souhaité visiter récif long trois cent soixante lieues contre lequel mer toujours houleuse brisait intensité formidable comparable roulements tonnerre moment plans inclinés _nautilus_ entraînaient grande profondeur pus rien voir hautes murailles coralligènes dus contenter divers échantillons poissons rapportés filets remarquai entre autres germons espèces scombres grands comme thons flancs bleuâtres rayés bandes transversales disparaissent vie l'animal poissons accompagnaient troupes fournirent table chair excessivement délicate prit aussi grand nombre spares vertors longs d'un demi-décimètre goût dorade pyrapèdes volants véritables hirondelles sous-marines nuits obscures rayent alternativement airs eaux leurs lueurs phosphorescentes parmi mollusques zoophytes trouvai mailles chalut diverses espèces d'alcyonnaires oursins marteaux éperons cadrans cérites hyalles flore représentée belles algues flottantes laminaires macrocystes imprégnées mucilage transsudait travers leurs pores parmi lesquelles recueillis admirable _nemastoma geliniaroïde_ classée parmi curiosités naturelles musée deux jours après avoir traversé mer corail 4 janvier connaissance côtes papouasie a cette occasion capitaine nemo m'apprit intention gagner l'océan indien détroit torrès communication borna là ned vit plaisir cette route rapprochait mers européennes détroit torrès regardé comme non moins dangereux écueils hérissent sauvages habitants fréquentent côtes sépare nouvelle-hollande grande île papouasie nommée aussi nouvelle-guinée papouasie a quatre cents lieues long cent trente lieues large superficie quarante mille lieues géographiques située latitude entre 0° 19′ 10° 2′ sud longitude entre 128° 23′ 146° 15′ a midi pendant second prenait hauteur soleil j'aperçus sommets monts arfalxs élevés plans terminés pitons aigus cette terre découverte 1511 portugais francisco serrano visitée successivement don josé menesès 1526 grijalva 1527 général espagnol alvar saavedra 1528 juigo ortez 1545 hollandais schouten 1616 nicolas sruick 1753 tasman dampier fumel carteret edwards bougainville cook forrest mac cluer d'entrecasteaux 1792 duperrey 1823 dumont d'urville 1827 « c'est foyer noirs occupent toute malaisie » a dit m. rienzi doutais guère hasards cette navigation allaient mettre présence redoutables andamènes _nautilus_ présenta donc l'entrée plus dangereux détroit globe celui plus hardis navigateurs osent peine franchir détroit louis paz torrès affronta revenant mers sud mélanésie lequel 1840 corvettes échouées dumont d'urville point perdre corps biens _nautilus_ lui-même supérieur tous dangers mer allait cependant faire connaissance récifs coralliens détroit torrès a environ trente-quatre lieues large obstrué innombrable quantité d'îles d'îlots brisants rochers rendent navigation presque impraticable conséquence capitaine nemo prit toutes précautions voulues traverser _nautilus_ flottant fleur d'eau s'avançait sous allure modérée hélice comme queue cétacé battait flots lenteur profitant cette situation deux compagnons pris place plate-forme toujours déserte devant s'élevait cage timonier trompe fort capitaine nemo devait être là dirigeant lui-même _nautilus_ j'avais sous yeux excellentes cartes détroit torrès levées dressées l'ingénieur hydrographe vincendon dumoulin l'enseigne vaisseau coupvent-desbois —maintenant amiral —qui faisaient partie l'état-major dumont-d'urville pendant dernier voyage circumnavigation celles capitaine king meilleures cartes débrouillent l'imbroglio cet étroit passage consultais scrupuleuse attention autour _nautilus_ mer bouillonnait furie courant flots portait sud-est nord-ouest vitesse deux milles demi brisait coraux dont tête émergeait çà là « voilà mauvaise mer dit ned land —détestable effet répondis-je convient guère bâtiment comme _nautilus_ —il faut reprit canadien damné capitaine bien certain route car vois là pâtés coraux mettraient coque mille pièces si effleurait seulement » effet situation périlleuse _nautilus_ semblait glisser comme enchantement milieu furieux écueils suivait exactement route l'_astrolabe_ _zélée_ fatale dumont d'urville prit plus nord rangea l'île murray revint sud-ouest vers passage cumberland croyais qu'il allait donner franchement quand remontant nord-ouest porta travers grande quantité d'îles d'îlots peu connus vers l'île tound canal mauvais demandais déjà si capitaine nemo imprudent jusqu folie voulait engager navire cette passe où touchèrent deux corvettes dumont d'urville quand modifiant seconde fois direction coupant droit l'ouest dirigea vers l'île gueboroar alors trois heures après-midi flot cassait marée presque pleine _nautilus_ s'approcha cette île vois encore remarquable lisière pendanus rangions moins deux milles soudain choc renversa _nautilus_ venait toucher contre écueil demeura immobile donnant légère gîte bâbord quand relevai j'aperçus plate-forme capitaine nemo second examinaient situation navire échangeant quelques mots incompréhensible idiome voici quelle cette situation a deux milles tribord apparaissait l'île gueboroar dont côte s'arrondissait nord l'ouest comme immense bras vers sud l'est montraient déjà quelques têtes coraux jusant laissait découvert échoués plein mers où marées médiocres circonstance fâcheuse renflouage _nautilus_ cependant navire n'avait aucunement souffert tant coque solidement liée s'il pouvait ni couler ni s'ouvrir risquait fort d'être jamais attaché écueils alors c'en fait l'appareil sous-marin capitaine nemo réfléchissais ainsi quand capitaine froid calme toujours maître paraissant ni ému ni contrarié s'approcha « accident dis-je —non incident répondit-il —mais incident répliquai-je obligera peut-être redevenir habitant terres fuyez » capitaine nemo regarda d'un air singulier fit geste négatif c'était dire assez clairement rien forcerait jamais remettre pieds continent puis dit « d'ailleurs monsieur aronnax _nautilus_ n'est perdition transportera encore milieu merveilles l'océan voyage fait commencer désire priver si vite l'honneur compagnie —cependant capitaine nemo repris-je sans relever tournure ironique cette phrase _nautilus_ s'est échoué moment pleine mer or marées fortes pacifique si pouvez délester _nautilus_ —ce paraît impossible —je vois comment renfloué —les marées fortes pacifique raison monsieur professeur répondit capitaine nemo détroit torrès trouve encore différence d'un mètre demi entre niveau hautes basses mers c'est aujourd'hui 4 janvier cinq jours pleine lune or bien étonné si complaisant satellite soulève suffisamment masses d'eau rend service veux devoir seul. » ceci dit capitaine nemo suivi second redescendit l'intérieur _nautilus_ quant bâtiment bougeait plus demeurait immobile comme si polypes coralliens l'eussent déjà maçonné indestructible ciment « eh bien monsieur dit ned land vint après départ capitaine —eh bien ami ned attendrons tranquillement marée 9 car paraît lune complaisance remettre flot —tout simplement —tout simplement —et capitaine va mouiller ancres large mettre machine chaînes tout faire déhaler —puisque marée suffira » répondit simplement conseil canadien regarda conseil puis haussa épaules c'était marin parlait « monsieur répliqua-t-il pouvez croire quand dis morceau fer naviguera plus jamais ni ni sous mers n'est bon vendre poids pense donc moment venu fausser compagnie capitaine nemo —ami ned répondis-je désespère comme vaillant _nautilus_ quatre jours saurons quoi tenir marées pacifique d'ailleurs conseil fuir pourrait être opportun si vue côtes l'angleterre provence parages papouasie c'est autre chose toujours temps d'en venir cette extrémité si _nautilus_ parvient relever regarderais comme événement grave —mais saurait-on tâter moins terrain reprit ned land voilà île cette île a arbres sous arbres animaux terrestres porteurs côtelettes roastbeefs auxquels donnerais volontiers quelques coups dents —ici l'ami ned a raison dit conseil range avis monsieur pourrait-il obtenir ami capitaine nemo transporter terre fût-ce perdre l'habitude fouler pied parties solides planète —je peux demander répondis-je refusera —que monsieur risque dit conseil saurons quoi tenir l'amabilité capitaine. » a grande surprise capitaine nemo m'accorda permission demandais fit beaucoup grâce d'empressement sans avoir exigé promesse revenir bord fuite travers terres nouvelle-guinée très-périlleuse n'aurais conseillé ned land tenter mieux valait être prisonnier bord _nautilus_ tomber entre mains naturels papouasie canot mis disposition lendemain matin cherchai savoir si capitaine nemo accompagnerait pensai qu'aucun homme l'équipage donné ned land seul chargé diriger l'embarcation d'ailleurs terre trouvait deux milles plus n'était qu'un jeu canadien conduire léger canot entre lignes récifs si fatales grands navires lendemain 5 janvier canot déponté arraché alvéole lancé mer haut plate-forme deux hommes suffirent cette opération avirons l'embarcation n'avions plus prendre place a huit heures armés fusils haches débordions _nautilus_ mer assez calme petite brise soufflait terre conseil placés avirons nagions vigoureusement ned gouvernait étroites passes brisants laissaient entre canot maniait bien filait rapidement ned land pouvait contenir joie c'était prisonnier échappé prison songeait guère qu'il faudrait rentrer « viande répétait-il allons donc manger viande quelle viande véritable gibier pain exemple dis poisson bonne chose faut abuser morceau fraîche venaison grillé charbons ardents variera agréablement ordinaire —gourmand répondait conseil m'en fait venir l'eau bouche —il reste savoir dis-je si forêts giboyeuses si gibier telle taille qu'il puisse lui-même chasser chasseur —bon monsieur aronnax répondit canadien dont dents semblaient être affûtées comme tranchant hache mangerai tigre l'aloyau tigre s'il a d'autre quadrupède cette île —l'ami ned inquiétant répondit conseil —quel qu'il reprit ned land tout animal quatre pattes sans plumes deux pattes plumes salué premier coup fusil —bon répondis-je voilà imprudences maître land vont recommencer —n'ayez peur monsieur aronnax répondit canadien nagez ferme demande vingt-cinq minutes offrir mets façon. » a huit heures demie canot _nautilus_ venait s'échouer doucement grève sable après avoir heureusement franchi l'anneau coralligène entourait l'île gueboroar
20,Chapter 21,xxi quelques jours a terre assez vivement impressionné touchant terre ned land essayait sol pied comme prendre possession pourtant deux mois suivant l'expression capitaine nemo « passagers _nautilus_ » c'est-à-dire réalité prisonniers commandant quelques minutes portée fusil côte sol presque entièrement madréporique certains lits torrents desséchés semés débris granitiques démontraient cette île due formation primordiale tout l'horizon cachait derrière rideau forêts admirables arbres énormes dont taille atteignait parfois deux cents pieds reliaient l'un l'autre guirlandes lianes vrais hamacs naturels berçait brise légère c'étaient mimosas ficus casuarinas teks hibiscus pendanus palmiers mélangés profusion sous l'abri voûte verdoyante pied stype gigantesque croissaient orchidées légumineuses fougères sans remarquer tous beaux échantillons flore papouasienne canadien abandonna l'agréable l'utile aperçut cocotier abattit quelques uns fruits brisa bûmes lait mangeâmes amande satisfaction protestait contre l'ordinaire _nautilus_ « excellent disait ned land —exquis répondait conseil illustration tout l'horizon cachait derrière rideau forêts page 159 —et pense dit canadien nemo s'oppose introduisions cargaison cocos bord —je crois répondis-je voudra goûter —tant pis dit conseil —et tant mieux riposta ned land restera davantage —un mot seulement maître land dis-je harponneur disposait ravager autre cocotier coco bonne chose avant d'en remplir canot paraît sage reconnaître si l'île produit quelque substance non moins utile légumes frais bien reçus l'office _nautilus_ —monsieur a raison répondit conseil propose réserver trois places embarcation l'une fruits l'autre légumes troisième venaison dont n'ai encore entrevu plus mince échantillon illustration ned land prit hache page 164 —conseil faut désespérer rien répondit canadien —continuons donc excursion repris-je l'œil aguets quoique l'île paraisse inhabitée pourrait renfermer cependant quelques individus moins difficiles nature gibier —hé hé fit ned land mouvement mâchoire très-significatif —eh bien ned s'écria conseil —ma foi riposta canadien commence comprendre charmes l'anthropophagie —ned ned dites-vous là répliqua conseil anthropophage plus sûreté près partage cabine devrai-je donc réveiller jour demi dévoré —ami conseil aime beaucoup assez manger sans nécessité —je fie répondit conseil chasse faut absolument abattre quelque gibier satisfaire cannibale bien l'un matins monsieur trouvera plus morceaux domestique servir. » tandis s'échangeaient divers propos pénétrions sous sombres voûtes forêt pendant deux heures parcourûmes tous sens hasard servit souhait cette recherche végétaux comestibles l'un plus utiles produits zones tropicales fournit aliment précieux manquait bord veux parler l'arbre pain très-abondant l'île gueboroar remarquai principalement cette variété dépourvue graines porte malais nom « rima. » cet arbre distinguait autres arbres tronc droit haut quarante pieds cime gracieusement arrondie formée grandes feuilles multilobées désignait suffisamment yeux d'un naturaliste cet « artocarpus » a très-heureusement naturalisé îles mascareignes masse verdure détachaient gros fruits globuleux larges d'un décimètre pourvus extérieurement rugosités prenaient disposition hexagonale utile végétal dont nature a gratifié régions auxquelles blé manque sans exiger aucune culture donne fruits pendant huit mois l'année ned land connaissait bien fruits déjà mangé pendant nombreux voyages savait préparer substance comestible aussi vue excita-t-elle désirs put tenir plus longtemps « monsieur dit-il meure si goûte peu cette pâte l'arbre pain —goûtez ami ned goûtez aise ici faire expériences faisons-les —ce long » répondit canadien armé d'une lentille alluma feu bois mort pétilla joyeusement pendant temps conseil choisissions meilleurs fruits l'artocarpus quelques-uns n'avaient encore atteint degré suffisant maturité peau épaisse recouvrait pulpe blanche peu fibreuse d'autres très-grand nombre jaunâtres gélatineux n'attendaient moment d'être cueillis fruits renfermaient aucun noyau conseil apporta douzaine ned land plaça feu charbons après avoir coupés tranches épaisses faisant répétait toujours « verrez monsieur comme pain bon —surtout quand privé depuis longtemps dit conseil —ce n'est plus pain ajouta canadien c'est pâtisserie délicate n'en jamais mangé monsieur —non ned —eh bien préparez-vous absorber chose succulente si revenez plus roi harponneurs » bout quelques minutes partie fruits exposée feu complétement charbonnée a l'intérieur apparaissait pâte blanche sorte mie tendre dont saveur rappelait celle l'artichaut faut l'avouer pain excellent j'en mangeai grand plaisir « malheureusement dis-je telle pâte peut garder fraîche paraît inutile d'en faire provision bord —par exemple monsieur s'écria ned land parlez là comme naturaliste vais agir comme boulanger conseil faites récolte fruits reprendrons retour —et comment préparerez-vous demandai-je canadien —en fabriquant pulpe pâte fermentée gardera indéfiniment sans corrompre lorsque voudrai l'employer ferai cuire cuisine bord malgré saveur peu acide trouverez excellente —alors maître ned vois qu'il manque rien pain —si monsieur professeur répondit canadien manque quelques fruits tout moins quelques légumes —cherchons fruits légumes. » lorsque récolte terminée mîmes route compléter dîner « terrestre. » recherches vaines vers midi fait ample provision bananes produits délicieux zone torride mûrissent pendant toute l'année malais donné nom « pisang » mangent sans faire cuire bananes recueillîmes jaks énormes dont goût très-accusé mangues savoureuses ananas d'une grosseur invraisemblable cette récolte prit grande partie temps d'ailleurs lieu regretter conseil observait toujours ned harponneur marchait avant pendant promenade travers forêt glanait d'une main sûre d'excellents fruits devaient compléter provision « enfin demanda conseil manque plus rien ami ned —hum fit canadien —quoi plaignez —tous végétaux peuvent constituer repas répondit ned c'est fin d'un repas c'est dessert potage rôti —en effet dis-je ned promis côtelettes semblent fort problématiques —monsieur répondit canadien non-seulement chasse n'est finie n'est commencée patience finirons bien rencontrer quelque animal plume poil si n'est cet endroit autre ... —et si n'est aujourd'hui demain ajouta conseil car faut trop s'éloigner propose revenir canot —quoi déjà s'écria ned —nous devons être retour avant nuit dis-je —mais quelle heure est-il donc demanda canadien —deux heures moins répondit conseil —comme temps passe sol ferme s'écria maître ned land soupir regret —en route » répondit conseil revînmes donc travers forêt complétâmes récolte faisant razzia choux-palmistes qu'il fallut cueillir cime arbres petits haricots reconnus être « abrou » malais d'ignames d'une qualité supérieure surchargés quand arrivâmes canot cependant ned land trouvait encore provision suffisante sort favorisa moment s'embarquer aperçut plusieurs arbres hauts vingt-cinq trente pieds appartenaient l'espèce palmiers arbres aussi précieux l'artocarpus justement comptés parmi plus utiles produits malaisie c'étaient sagoutiers végétaux croissent sans culture reproduisant comme mûriers leurs rejetons leurs graines ned land connaissait manière traiter arbres prit hache maniant grande vigueur bientôt couché sol deux trois sagoutiers dont maturité reconnaissait poussière blanche saupoudrait leurs palmes regardai faire plutôt yeux d'un naturaliste qu'avec yeux d'un homme affamé commença enlever chaque tronc bande d'écorce épaisse d'un pouce recouvrait réseau fibres allongées formant d'inextricables nœuds mastiquait sorte farine gommeuse cette farine c'était sagou substance comestible sert principalement l'alimentation populations mélanaisiennes ned land contenta moment couper troncs morceaux comme fait bois brûler réservant d'en extraire plus tard farine passer étoffe afin séparer ligaments fibreux d'en faire évaporer l'humidité soleil laisser durcir moules enfin cinq heures soir chargés toutes richesses quittions rivage l'île demi-heure après accostions _nautilus_ personne parut arrivée l'énorme cylindre tôle semblait désert provisions embarquées descendis chambre trouvai souper prêt mangeai puis m'endormis lendemain 6 janvier rien nouveau bord bruit l'intérieur signe vie canot resté long bord place où l'avions laissé résolûmes retourner l'île gueboroar ned land espérait être plus heureux veille point vue chasseur désirait visiter autre partie forêt lever soleil route l'embarcation enlevée flot portait terre atteignit l'île peu d'instants débarquâmes pensant qu'il valait mieux s'en rapporter l'instinct canadien suivîmes ned land dont longues jambes menaçaient distancer ned land remonta côte vers l'ouest puis passant gué quelques lits torrents gagna haute plaine bordaient d'admirables forêts quelques martins-pêcheurs rôdaient long cours d'eau laissaient approcher circonspection prouva volatiles savaient quoi s'en tenir bipèdes espèce j'en conclus si l'île n'était habitée moins êtres humains fréquentaient après avoir traversé assez grasse prairie arrivâmes lisière d'un petit bois qu'animaient chant vol d'un grand nombre d'oiseaux « encore oiseaux dit conseil —mais a mangent répondit harponneur —point ami ned répliqua conseil car vois là simples perroquets —ami conseil répondit gravement ned perroquet faisan ceux n'ont autre chose manger —et j'ajouterai dis-je cet oiseau convenablement préparé vaut coup fourchette. » effet sous l'épais feuillage bois tout monde perroquets voltigeait branche branche n'attendant qu'une éducation plus soignée parler langue humaine moment caquetaient compagnie perruches toutes couleurs graves kakatouas semblaient méditer quelque problème philosophique tandis loris d'un rouge éclatant passaient comme morceau d'étamine emporté brise milieu kalaos vol bruyant papouas peints plus fines nuances l'azur toute variété volatiles charmants généralement peu comestibles cependant oiseau particulier terres a jamais dépassé limite îles d'arrou îles papouas manquait cette collection sort réservait l'admirer avant peu après avoir traversé taillis médiocre épaisseur retrouvé plaine obstruée buissons vis alors s'enlever magnifiques oiseaux disposition leurs longues plumes obligeait diriger contre vent vol ondulé grâce leurs courbes aériennes chatoiement leurs couleurs attiraient charmaient regard n'eus peine reconnaître « oiseaux paradis m'écriai-je —ordre passereaux section clystomores répondit conseil —famille perdreaux demanda ned land —je crois maître land néanmoins compte adresse attraper charmants produits nature tropicale —on essayera monsieur professeur quoique plus habitué manier harpon fusil. » malais font grand commerce oiseaux chinois prendre divers moyens pouvions employer tantôt disposent lacets sommet arbres élevés paradisiers habitent préférence tantôt s'en emparent glu tenace paralyse leurs mouvements vont jusqu empoisonner fontaines où oiseaux l'habitude boire quant réduits tirer vol laissait peu chances atteindre effet épuisâmes vainement partie munitions vers onze heures matin premier plan montagnes forment centre l'île franchi n'avions encore rien tué faim aiguillonnait chasseurs s'étaient fiés produit chasse tort très-heureusement conseil grande surprise fit coup double assura déjeuner abattit pigeon blanc ramier lestement plumés suspendus brochette rôtirent devant feu ardent bois mort pendant intéressants animaux cuisaient ned prépara fruits l'artocarpus puis pigeon ramier dévorés jusqu'aux os déclarés excellents muscade dont l'habitude gaver parfume chair fait manger délicieux « c'est comme si poulardes nourrissaient truffes dit conseil —et maintenant ned manque-t-il demandai-je canadien —un gibier quatre pattes monsieur aronnax répondit ned land tous pigeons hors-d'œuvre amusettes bouche aussi tant n'aurai tué animal côtelettes content —ni ned si n'attrape paradisier —continuons donc chasse répondit conseil revenant vers mer arrivés premières pentes montagnes pense qu'il vaut mieux regagner région forêts. » c'était avis sensé suivi après heure marche atteint véritable forêt sagoutiers quelques serpents inoffensifs fuyaient sous oiseaux paradis dérobaient approche véritablement désespérais atteindre lorsque conseil marchait avant baissa soudain poussa cri triomphe revint rapportant magnifique paradisier « ah bravo conseil m'écriai-je —monsieur bien bon répondit conseil —mais non garçon fait là coup maître prendre oiseaux vivants prendre main —si monsieur veut l'examiner près verra n'ai grand mérite —et pourquoi conseil —parce cet oiseau ivre comme caille —ivre —oui monsieur ivre muscades qu'il dévorait sous muscadier où l'ai pris voyez ami ned voyez monstrueux effets l'intempérance —mille diables riposta canadien j'ai bu gin depuis deux mois n'est peine reprocher » illustration c'était paradisier grand-émeraude page 168 cependant j'examinais curieux oiseau conseil trompait paradisier enivré suc capiteux réduit l'impuissance pouvait voler marchait peine cela m'inquiéta peu laissai cuver muscades cet oiseau appartenait plus belle huit espèces l'on compte papouasie îles voisines c'était paradisier « grand-émeraude » l'un plus rares mesurait trois décimètres longueur tête relativement petite yeux placés près l'ouverture bec petits aussi offrait admirable réunion nuances jaune bec brun pieds d'ongles noisette ailes empourprées leurs extrémités jaune pâle tête derrière cou couleur d'émeraude gorge brun marron ventre poitrine deux filets cornés duveteux s'élevaient au-dessus queue prolongeaient longues plumes très-légères d'une finesse admirable complétaient l'ensemble merveilleux oiseau indigènes poétiquement appelé « l'oiseau soleil. » illustration ned land contenta d'une douzaine kangaroos page 170 souhaitais vivement pouvoir ramener paris superbe spécimen paradisiers afin d'en faire don jardin plantes n'en possède seul vivant « c'est donc bien rare demanda canadien d'un chasseur estime fort peu gibier point vue l'art —très-rare brave compagnon surtout très-difficile prendre vivant morts oiseaux encore l'objet d'un important trafic aussi naturels ont-ils imaginé d'en fabriquer comme fabrique perles diamants —quoi s'écria conseil fait faux oiseaux paradis —oui conseil —et monsieur connaît-il procédé indigènes —parfaitement paradisiers pendant mousson d'est perdent magnifiques plumes entourent queue naturalistes appelées plumes subalaires plumes recueillent faux-monnayeurs volatiles qu'ils adaptent adroitement quelque pauvre perruche préalablement mutilée puis teignent suture vernissent l'oiseau expédient muséums amateurs d'europe produits singulière industrie —bon fit ned land si n'est l'oiseau toujours plumes tant l'objet n'est destiné être mangé vois grand mal » si désirs satisfaits possession paradisier ceux chasseur canadien l'étaient encore heureusement vers deux heures ned land abattit magnifique cochon bois ceux naturels appellent « bari-outang » l'animal venait propos procurer vraie viande quadrupède bien reçu ned land montra très-glorieux coup fusil cochon touché balle électrique tombé raide mort canadien dépouilla vida proprement après avoir retiré demi-douzaine côtelettes destinées fournir grillade repas soir puis cette chasse reprise devait encore être marquée exploits ned conseil effet deux amis battant buissons firent lever troupe kangaroos s'enfuirent bondissant leurs pattes élastiques animaux s'enfuirent si rapidement capsule électrique pût arrêter course « ah monsieur professeur s'écria ned land rage chasseur prenait tête quel gibier excellent cuit l'étuvée surtout quel approvisionnement _nautilus_ deux trois cinq terre quand pense dévorerons toute cette chair imbéciles bord n'en miette » crois l'excès joie canadien s'il n'avait tant parlé massacré toute bande contenta d'une douzaine intéressants marsupiaux forment premier ordre mammifères aplacentaires —nous dit conseil animaux petite taille c'était espèce « kangaroos-lapins » gîtent habituellement creux arbres dont vélocité extrême s'ils médiocre grosseur fournissent moins chair plus estimée très-satisfaits résultats chasse joyeux ned proposait revenir lendemain cette île enchantée qu'il voulait dépeupler tous quadrupèdes comestibles comptait sans événements a six heures soir regagné plage canot échoué place habituelle _nautilus_ semblable long écueil émergeait flots deux milles rivage ned land sans plus tarder s'occupa grande affaire dîner s'entendait admirablement toute cette cuisine côtelettes « bari-outang » grillées charbons répandirent bientôt délicieuse odeur parfuma l'atmosphère ... m'aperçois marche traces canadien voici extase devant grillade porc frais l'on pardonne comme j'ai pardonné maître land mêmes motifs enfin dîner excellent deux ramiers complétèrent menu extraordinaire pâte sagou pain l'artocarpus quelques mangues demi-douzaine d'ananas liqueur fermentée certaines noix cocos mirent joie crois idées dignes compagnons n'avaient toute netteté désirable « si retournions soir _nautilus_ dit conseil —si retournions jamais » ajouta ned land moment pierre vint tomber pieds coupa court proposition harponneur
21,Chapter 22,xxii foudre capitaine nemo regardé côté forêt sans lever main s'arrêtant mouvement vers bouche celle ned land achevant office « pierre tombe ciel dit conseil bien mérite nom d'aérolithe. » seconde pierre soigneusement arrondie enleva main conseil savoureuse cuisse ramier donna encore plus poids observation levés tous trois fusil l'épaule prêts répondre toute attaque « sont-ce singes s'écria ned land —a peu près répondit conseil sauvages —au canot » dis-je dirigeant vers mer fallait effet battre retraite car vingtaine naturels armés d'arcs frondes apparaissaient lisière d'un taillis masquait l'horizon droite cent peine canot échoué dix toises sauvages s'approchaient sans courir prodiguaient démonstrations plus hostiles pierres flèches pleuvaient ned land n'avait voulu abandonner provisions malgré l'imminence danger cochon d'un côté kangaroos l'autre détalait certaine rapidité deux minutes grève charger canot provisions armes pousser mer armer deux avirons l'affaire d'un instant n'avions gagné deux encâblures cent sauvages hurlant gesticulant entrèrent l'eau jusqu ceinture regardai si apparition attirerait plate-forme quelques hommes _nautilus_ non l'énorme engin couché large demeurait absolument désert vingt minutes plus tard montions bord panneaux ouverts après avoir amarré canot rentrâmes l'intérieur _nautilus_ descendis salon d'où s'échappaient quelques accords capitaine nemo là courbé orgue plongé extase musicale « capitaine » dis-je m'entendit « capitaine » repris-je touchant main frissonna retournant « ah c'est monsieur professeur dit-il eh bien avez-vous fait bonne chasse avez-vous herborisé succès —oui capitaine répondis-je malheureusement ramené troupe bipèdes dont voisinage paraît inquiétant —quels bipèdes —des sauvages —des sauvages répondit capitaine nemo d'un ironique étonnez monsieur professeur qu'ayant mis pied terres globe trouviez sauvages sauvages où a-t-il d'ailleurs sont-ils pires autres ceux appelez sauvages —mais capitaine ... —pour compte monsieur j'en rencontré partout —eh bien répondis-je si voulez recevoir bord _nautilus_ ferez bien prendre quelques précautions —tranquillisez-vous monsieur professeur a là quoi préoccuper —mais naturels nombreux —combien avez-vous compté —une centaine moins —monsieur aronnax répondit capitaine nemo dont doigts s'étaient replacés touches l'orgue quand tous indigènes papouasie réunis cette plage _nautilus_ n'aurait rien craindre leurs attaques » doigts capitaine couraient alors clavier l'instrument remarquai qu'il n'en frappait touches noires donnait mélodies couleur essentiellement écossaise bientôt oublié présence plongé rêverie cherchai plus dissiper remontai plate-forme nuit déjà venue car sous cette basse latitude soleil couche rapidement sans crépuscule n'aperçus plus confusément l'île gueboroar feux nombreux allumés plage attestaient naturels songeaient quitter restai seul ainsi pendant plusieurs heures tantôt songeant indigènes —mais sans redouter autrement car l'imperturbable confiance capitaine gagnait —tantôt oubliant admirer splendeurs cette nuit tropiques souvenir s'envolait vers france suite étoiles zodiacales devaient l'éclairer quelques heures lune resplendissait milieu constellations zénith pensai alors fidèle complaisant satellite reviendrait après demain cette place soulever ondes arracher _nautilus_ lit coraux vers minuit voyant tout tranquille flots assombris aussi bien sous arbres rivage regagnai cabine m'endormis paisiblement nuit s'écoula sans mésaventure papouas s'effrayaient sans doute seule vue monstre échoué baie car panneaux restés ouverts offert accès facile l'intérieur _nautilus_ a six heures matin —8 janvier —je remontai plate-forme ombres matin levaient l'île montra bientôt travers brumes dissipées plages d'abord sommets ensuite indigènes toujours là plus nombreux veille —cinq six cents peut-être quelques-uns profitant marée basse s'étaient avancés têtes coraux moins deux encâblures _nautilus_ distinguai facilement c'étaient bien véritables papouas taille athlétique hommes belle race front large élevé nez gros non épaté dents blanches chevelure laineuse teinte rouge tranchait corps noir luisant comme celui nubiens lobe oreille coupé distendu pendaient chapelets os sauvages généralement nus parmi remarquai quelques femmes habillées hanches genou d'une véritable crinoline d'herbes soutenait ceinture végétale certains chefs orné cou d'un croissant colliers verroteries rouges blanches presque tous armés d'arcs flèches boucliers portaient épaule sorte filet contenant pierres arrondies fronde lance adresse chefs assez rapproché _nautilus_ l'examinait attention devait être « mado » haut rang car drapait natte feuilles bananiers dentelée bords relevée d'éclatantes couleurs j'aurais pu facilement abattre cet indigène trouvait petite portée crus qu'il valait mieux attendre démonstrations véritablement hostiles entre européens sauvages convient européens ripostent n'attaquent pendant tout temps marée basse indigènes rôdèrent près _nautilus_ montrèrent bruyants entendais répéter fréquemment mot « assai » leurs gestes compris qu'ils m'invitaient aller terre invitation crus devoir décliner donc jour-là canot quitta bord grand déplaisir maître land put compléter provisions cet adroit canadien employa temps préparer viandes farines qu'il rapportées l'île gueboroar quant sauvages regagnèrent terre vers onze heures matin dès têtes corail commencèrent disparaître sous flot marée montante vis nombre s'accroître considérablement plage probable qu'ils venaient îles voisines papouasie proprement dite cependant n'avais aperçu seule pirogue indigène n'ayant rien mieux faire songeai draguer belles eaux limpides laissaient voir profusion coquilles zoophytes plantes pélagiennes c'était d'ailleurs dernière journée _nautilus_ allait passer parages si toutefois flottait pleine mer lendemain suivant promesse capitaine nemo j'appelai donc conseil m'apporta petite drague légère peu près semblable celles servent pêcher huîtres « sauvages demanda conseil n'en déplaise monsieur semblent très-méchants —ce pourtant anthropophages garçon —on peut être anthropophage brave homme répondit conseil comme peut être gourmand honnête l'un n'exclut l'autre —bon conseil t'accorde d'honnêtes anthropophages qu'ils dévorent honnêtement leurs prisonniers cependant comme tiens être dévoré honnêtement tiendrai gardes car commandant _nautilus_ paraît prendre aucune précaution maintenant l'ouvrage. » pendant deux heures pêche activement conduite sans rapporter aucune rareté drague s'emplissait d'oreilles midas harpes mélanies particulièrement plus beaux marteaux j'eusse vu jusqu jour prîmes aussi quelques holoturies huîtres perlières douzaine petites tortues réservées l'office bord moment où attendais moins mis main merveille devrais dire difformité naturelle très-rare rencontrer conseil venait donner coup drague appareil remontait chargé diverses coquilles assez ordinaires quand tout d'un coup vit plonger rapidement bras filet retirer coquillage pousser cri conchyliologue c'est-à-dire cri plus perçant puisse produire gosier humain « eh a donc monsieur demanda conseil très-surpris monsieur a-t-il mordu —non garçon cependant j'eusse volontiers payé d'un doigt découverte —quelle découverte —cette coquille dis-je montrant l'objet triomphe —mais c'est tout simplement olive porphyre genre olive ordre pectinibranches classe gastéropodes embranchement mollusques ... —oui conseil lieu d'être enroulée droite gauche cette olive tourne gauche droite —est-il possible s'écria conseil illustration indigènes rôdèrent près _nautilus_ page 174 —oui garçon c'est coquille sénestre —une coquille sénestre répétait conseil cœur palpitant —regarde spire —ah monsieur peut m'en croire dit conseil prenant précieuse coquille d'une main tremblante n'ai jamais éprouvé émotion pareille » quoi être ému sait effet comme l'ont fait observer naturalistes dextrosité loi nature astres leurs satellites mouvement translation rotation meuvent droite gauche l'homme sert plus souvent main droite main gauche conséquemment instruments appareils escaliers serrures ressorts montres etc. combinés manière être employés droite gauche or nature a généralement suivi cette loi l'enroulement coquilles elles toutes dextres rares exceptions quand hasard spire sénestre amateurs payent poids l'or illustration conseil jeta fusil page 177 conseil donc plongés contemplation trésor promettais bien d'en enrichir muséum quand pierre malencontreusement lancée indigène vint briser précieux objet main conseil poussai cri désespoir conseil jeta fusil visa sauvage balançait fronde dix mètres voulus l'arrêter coup partit brisa bracelet d'amulettes pendait bras l'indigène « conseil m'écriai-je conseil —eh quoi monsieur voit-il cannibale a commencé l'attaque —une coquille vaut vie d'un homme dis-je —ah gueux s'écria conseil j'aurais mieux aimé qu'il m'eût cassé l'épaule » conseil sincère avis cependant situation changé depuis quelques instants aperçus vingtaine pirogues entouraient alors _nautilus_ pirogues creusées troncs d'arbre longues étroites bien combinées marche s'équilibraient moyen d'un double balancier bambous flottait surface l'eau elles manœuvrées d'adroits pagayeurs demi-nus vis s'avancer sans inquiétude évident papouas déjà relations européens qu'ils connaissaient leurs navires long cylindre fer allongé baie sans mâts sans cheminée devaient-ils penser rien bon car s'en d'abord tenus distance respectueuse cependant voyant immobile reprenaient peu peu confiance cherchaient familiariser or c'était précisément cette familiarité qu'il fallait empêcher armes auxquelles détonation manquait pouvaient produire qu'un effet médiocre indigènes n'ont respect engins bruyants foudre sans roulements tonnerre effraierait peu hommes bien danger l'éclair non bruit moment pirogues s'approchèrent plus près _nautilus_ nuée flèches s'abattit « diable grêle dit conseil peut-être grêle empoisonnée —il faut prévenir capitaine nemo » dis-je rentrant panneau descendis salon trouvai personne hasardai frapper porte s'ouvrait chambre capitaine « entrez » répondit j'entrai trouvai capitaine nemo plongé calcul où x autres signes algébriques manquaient « dérange dis-je politesse —en effet monsieur aronnax répondit capitaine pense raisons sérieuses voir —très-sérieuses pirogues naturels entourent quelques minutes certainement assaillis plusieurs centaines sauvages —ah fit tranquillement capitaine nemo venus leurs pirogues —oui monsieur —eh bien monsieur suffit fermer panneaux —précisément venais dire ... —rien n'est plus facile » dit capitaine nemo pressant bouton électrique transmit ordre poste l'équipage « voilà fait monsieur dit-il après quelques instants canot place panneaux fermés craignez j'imagine messieurs défoncent murailles boulets frégate n'ont pu entamer —non capitaine existe encore danger —lequel monsieur —c'est demain pareille heure faudra rouvrir panneaux renouveler l'air _nautilus_ ... —sans contredit monsieur puisque bâtiment respire manière cétacés —or si moment papouas occupent plate-forme vois comment pourrez empêcher d'entrer —alors monsieur supposez qu'ils monteront bord —j'en certain —eh bien monsieur qu'ils montent vois aucune raison empêcher fond pauvres diables papouas veux visite l'île gueboroar coûte vie seul malheureux » cela dit j'allais retirer capitaine nemo retint m'invita m'asseoir près questionna intérêt excursions terre chasses n'eut l'air comprendre besoin viande passionnait canadien puis conversation effleura divers sujets sans être plus communicatif capitaine nemo montra plus aimable entre autres choses vînmes parler situation _nautilus_ précisément échoué détroit où dumont-d'urville point perdre puis propos « grands marins dit capitaine plus intelligents navigateurs d'urville c'est capitaine cook autres français infortuné savant avoir bravé banquises pôle sud coraux l'océanie cannibales pacifique périr misérablement train chemin fer si cet homme énergique a pu réfléchir pendant dernières secondes existence figurez-vous quelles dû être suprêmes pensées » parlant ainsi capitaine nemo semblait ému porte cette émotion actif puis carte main revîmes travaux navigateur français voyages circumnavigation double tentative pôle sud amena découverte terres adélie louis-philippe enfin levés hydrographiques principales îles l'océanie « d'urville a fait surface mers dit capitaine nemo l'ai fait l'intérieur l'océan plus facilement plus complétement l'_astrolabe_ _zélée_ incessamment ballotées ouragans pouvaient valoir _nautilus_ tranquille cabinet travail véritablement sédentaire milieu eaux —cependant capitaine dis-je a point ressemblance entre corvettes dumont d'urville _nautilus_ —lequel monsieur —c'est _nautilus_ s'est échoué comme elles —le _nautilus_ s'est échoué monsieur répondit froidement capitaine nemo _nautilus_ fait reposer lit mers pénibles travaux manœuvres qu'imposa d'urville renflouage corvettes entreprendrai l'_astrolabe_ _zélée_ failli périr _nautilus_ court aucun danger demain jour dit l'heure dite marée soulèvera paisiblement reprendra navigation travers mers —capitaine dis-je doute ... —demain ajouta capitaine nemo levant demain deux heures quarante minutes soir _nautilus_ flottera quittera sans avarie détroit torrès. » paroles prononcées d'un très-bref capitaine nemo s'inclina légèrement c'était donner congé rentrai chambre là trouvai conseil désirait connaître résultat entrevue capitaine « garçon répondis-je lorsque j'ai l'air croire _nautilus_ menacé naturels papouasie capitaine a répondu très-ironiquement n'ai donc qu'une chose dire confiance va dormir paix —monsieur a besoin services —non ami fait ned land —que monsieur m'excuse répondit conseil l'ami ned confectionne pâté kangaroo merveille » restai seul couchai dormis assez mal j'entendais bruit sauvages piétinaient plate-forme poussant cris assourdissants nuit passa ainsi sans l'équipage sortît inertie habituelle s'inquiétait plus présence cannibales soldats d'un fort blindé préoccupent fourmis courent blindage a six heures matin levai panneaux n'avaient ouverts l'air donc renouvelé l'intérieur réservoirs chargés toute occurrence fonctionnèrent propos lancèrent quelques mètres cubes d'oxygène l'atmosphère appauvrie _nautilus_ travaillai chambre jusqu midi sans avoir vu instant capitaine nemo paraissait faire bord aucun préparatif départ j'attendis quelque temps encore puis rendis grand salon pendule marquait deux heures demie dix minutes flot devait avoir atteint maximum hauteur si capitaine nemo n'avait point fait promesse téméraire _nautilus_ immédiatement dégagé sinon bien mois passeraient avant qu'il pût quitter lit corail cependant quelques tressaillements avant-coureurs firent bientôt sentir coque bateau j'entendis grincer bordage aspérités calcaires fond corallien a deux heures trente-cinq minutes capitaine nemo parut salon « allons partir dit-il —ah fis-je —j'ai donné l'ordre d'ouvrir panneaux —et papouas —les papouas répondit capitaine nemo haussant légèrement épaules —ne vont-ils pénétrer l'intérieur _nautilus_ —et comment —en franchissant panneaux fait ouvrir —monsieur aronnax répondit tranquillement capitaine nemo n'entre ainsi panneaux _nautilus_ quand ouverts. » regardai capitaine « comprenez dit-il —aucunement —eh bien venez verrez. » dirigeai vers l'escalier central là ned land conseil très-intrigués regardaient quelques hommes l'équipage ouvraient panneaux tandis cris rage d'épouvantables vociférations résonnaient dehors mantelets rabattus extérieurement vingt figures horribles apparurent premier indigènes mit main rampe l'escalier rejeté arrière sais quelle force invisible s'enfuit poussant cris affreux faisant gambades exorbitantes dix compagnons succédèrent dix sort conseil l'extase ned land emporté instincts violents s'élança l'escalier dès qu'il saisi rampe deux mains renversé tour « mille diables s'écria-t-il foudroyé » mot m'expliqua tout n'était plus rampe câble métal tout chargé l'électricité bord aboutissait plate-forme quiconque touchait ressentait formidable secousse —et cette secousse mortelle si capitaine nemo lancé conducteur tout courant appareils peut réellement dire qu'entre assaillants tendu réseau électrique nul pouvait impunément franchir cependant papouas épouvantés battu retraite affolés terreur moitié riants consolions frictionnions malheureux ned land jurait comme possédé moment _nautilus_ soulevé dernières ondulations flot quitta lit corail cette quarantième minute exactement fixée capitaine hélice battit eaux majestueuse lenteur vitesse s'accrut peu peu naviguant surface l'océan abandonna sain sauf dangereuses passes détroit torrès illustration dix compagnons sort page 182
22,Chapter 23,xxiii ægri somnia jour suivant 10 janvier _nautilus_ reprit marche entre deux eaux vitesse remarquable puis estimer moins trente-cinq milles l'heure rapidité hélice telle pouvais ni suivre tours ni compter quand songeais merveilleux agent électrique après avoir donné mouvement chaleur lumière _nautilus_ protégeait encore contre attaques extérieures transformait arche sainte laquelle nul profanateur touchait sans être foudroyé admiration n'avait plus bornes l'appareil remontait aussitôt l'ingénieur l'avait créé marchions directement vers l'ouest 11 janvier doublâmes cap wessel situé 135° longitude 10° latitude nord forme pointe golfe carpentarie récifs encore nombreux plus clair-semés relevés carte extrême précision _nautilus_ évita facilement brisants money bâbord récifs victoria tribord placés 130° longitude dixième parallèle suivions rigoureusement 13 janvier capitaine nemo arrivé mer timor connaissance l'île nom 122° longitude cette île dont superficie seize cent vingt-cinq lieues carrées gouvernée radjahs princes disent fils crocodiles c'est-à-dire issus plus haute origine laquelle être humain puisse prétendre aussi ancêtres écailleux foisonnent rivières l'île l'objet d'une vénération particulière protége gâte adule nourrit offre jeunes filles pâture malheur l'étranger porte main lézards sacrés _nautilus_ n'eut rien démêler vilains animaux timor visible qu'un instant midi pendant second relevait position également fis qu'entrevoir cette petite île rotti fait partie groupe dont femmes réputation beauté très-établie marchés malais a partir point direction _nautilus_ latitude s'infléchit vers sud-ouest cap mis l'océan indien où fantaisie capitaine nemo allait-elle entraîner remonterait-il vers côtes l'asie rapprocherait-il rivages l'europe résolutions peu probables part d'un homme fuyait continents habités descendrait-il donc vers sud irait-il doubler cap bonne-espérance puis cap horn pousser pôle antarctique reviendrait-il enfin vers mers pacifique où _nautilus_ trouvait navigation facile indépendante l'avenir devait l'apprendre après avoir prolongé écueils cartier d'hibernia seringapatam scott derniers efforts l'élément solide contre l'élément liquide 14 janvier delà toutes terres vitesse _nautilus_ singulièrement ralentie très-capricieux allures tantôt nageait milieu eaux tantôt flottait surface pendant cette période voyage capitaine nemo fit d'intéressantes expériences diverses températures mer couches différentes conditions ordinaires relevés s'obtiennent moyen d'instruments assez compliqués dont rapports moins douteux sondes thermométriques dont verres brisent souvent sous pression eaux appareils basés variation résistance métaux courants électriques résultats ainsi obtenus peuvent être suffisamment contrôlés contraire capitaine nemo allait lui-même chercher cette température profondeurs mer thermomètre mis communication diverses nappes liquides donnait immédiatement sûrement degré recherché illustration œil restait fixé l'horizon page 189 c'est ainsi surchargeant réservoirs descendant obliquement moyen plans inclinés _nautilus_ atteignit successivement profondeurs trois quatre cinq sept neuf dix mille mètres résultat définitif expériences mer présentait température permanente quatre degrés demi profondeur mille mètres sous toutes latitudes suivais expériences plus vif intérêt capitaine nemo apportait véritable passion souvent demandai quel but faisait observations était-ce profit semblables n'était probable car jour l'autre travaux devaient périr quelque mer ignorée a moins qu'il destinât résultat expériences c'était admettre étrange voyage terme terme l'apercevais encore quoi qu'il capitaine nemo fit également connaître divers chiffres obtenus établissaient rapport densités l'eau principales mers globe cette communication tirai enseignement personnel n'avait rien scientifique c'était pendant matinée 15 janvier capitaine lequel promenais plate-forme demanda si connaissais différentes densités présentent eaux mer répondis négativement j'ajoutai science manquait d'observations rigoureuses sujet « faites observations dit-il puis affirmer certitude —bien répondis-je _nautilus_ monde part secrets savants n'arrivent jusqu terre —vous raison monsieur professeur dit-il après quelques instants silence c'est monde part aussi étranger terre planètes accompagnent globe autour soleil l'on connaîtra jamais travaux savants saturne jupiter cependant puisque hasard a lié deux existences puis communiquer résultat observations —je écoute capitaine —vous savez monsieur professeur l'eau mer plus dense l'eau douce cette densité n'est uniforme effet si représente densité l'eau douce trouve vingt-huit millième eaux l'atlantique vingt-six millième eaux pacifique trente-millième eaux méditerranée ... —ah pensai-je s'aventure méditerranée —un dix-huit millième eaux mer ionienne vingt-neuf millième eaux l'adriatique. » décidément _nautilus_ fuyait mers fréquentées l'europe j'en conclus qu'il ramènerait —peut-être avant peu —vers continents plus civilisés pensai ned land apprendrait cette particularité satisfaction très-naturelle pendant plusieurs jours journées passèrent expériences toutes sortes portèrent degrés salure eaux différentes profondeurs électrisation coloration transparence toutes circonstances capitaine nemo déploya ingéniosité égalée bonne grâce envers puis pendant quelques jours revis plus demeurai nouveau comme isolé bord 16 janvier _nautilus_ parut s'endormir quelques mètres seulement au-dessous surface flots appareils électriques fonctionnaient hélice immobile laissait errer gré courants supposai l'équipage s'occupait réparations intérieures nécessitées violence mouvements mécaniques machine compagnons alors témoins d'un curieux spectacle panneaux salon ouverts comme fanal _nautilus_ n'était activité vague obscurité régnait milieu eaux ciel orageux couvert d'épais nuages donnait premières couches l'océan qu'une insuffisante clarté j'observais l'état mer conditions plus gros poissons m'apparaissaient plus comme ombres peine figurées quand _nautilus_ trouva subitement transporté pleine lumière crus d'abord fanal rallumé qu'il projetait éclat électrique masse liquide trompais après rapide observation reconnus erreur _nautilus_ flottait milieu d'une couche phosphorescente cette obscurité devenait éblouissante produite myriades d'animalcules lumineux dont l'étincellement s'accroissait glissant coque métallique l'appareil surprenais alors éclairs milieu nappes lumineuses comme coulées plomb fondu fournaise ardente masses métalliques portées rouge blanc telle sorte opposition certaines portions lumineuses faisaient ombre milieu igné dont toute ombre semblait devoir être bannie non n'était plus l'irradiation calme éclairage habituel là vigueur mouvement insolites cette lumière sentait vivante effet c'était agglomération infinie d'infusoires pélagiens noctiluques miliaires véritables globules gelée diaphane pourvus d'un tentacule filiforme dont a compté jusqu vingt-cinq mille trente centimètres cubes d'eau lumière encore doublée lueurs particulières méduses astéries aurélies pholades-dattes autres zoophytes phosphorescents imprégnés graissin matières organiques décomposées mer peut-être mucus sécrété poissons pendant plusieurs heures _nautilus_ flotta ondes brillantes admiration s'accrut voir gros animaux marins jouer comme salamandres vis là milieu feu brûle marsouins élégants rapides infatigables clowns mers istiophores longs trois mètres intelligents précurseurs ouragans dont formidable glaive heurtait parfois vitre salon puis apparurent poissons plus petits balistes variés scomberoïdes-sauteurs nasons-loups cent autres zébraient course lumineuse atmosphère enchantement cet éblouissant spectacle peut-être quelque condition atmosphérique augmentait-elle l'intensité phénomène peut-être quelque orage déchaînait-il surface flots cette profondeur quelques mètres _nautilus_ ressentait fureur balançait paisiblement milieu eaux tranquilles ainsi marchions incessamment charmés quelque merveille nouvelle conseil observait classait zoophytes articulés mollusques poissons journées s'écoulaient rapidement comptais plus ned suivant habitude cherchait varier l'ordinaire bord véritables colimaçons faits coquille j'affirme qu'il facile devenir parfait colimaçon donc cette existence paraissait facile naturelle n'imaginions plus qu'il existât vie différente surface globe terrestre quand événement vint rappeler l'étrangeté situation 18 janvier _nautilus_ trouvait 105° longitude 15° latitude méridionale temps menaçant mer dure houleuse vent soufflait l'est grande brise baromètre baissait depuis quelques jours annonçait prochaine lutte éléments j'étais monté plate-forme moment où second prenait mesures d'angles horaires j'attendais suivant coutume phrase quotidienne prononcée jour-là remplacée autre phrase non moins incompréhensible presque aussitôt vis apparaître capitaine nemo dont yeux munis d'une lunette dirigèrent vers l'horizon pendant quelques minutes capitaine resta immobile sans quitter point enfermé champ objectif puis abaissa lunette échangea dizaine paroles second celui-ci semblait être proie émotion qu'il voulait vainement contenir capitaine nemo plus maître demeurait froid paraissait d'ailleurs faire certaines objections auxquelles second répondait assurances formelles moins compris ainsi différence leurs gestes quant j'avais soigneusement regardé direction observée sans rien apercevoir ciel l'eau confondaient ligne d'horizon d'une parfaite netteté cependant capitaine nemo promenait d'une extrémité l'autre plate-forme sans regarder peut-être sans voir assuré moins régulier d'habitude s'arrêtait parfois bras croisés poitrine observait mer pouvait-il chercher cet immense espace _nautilus_ trouvait alors quelques centaines milles côte plus rapprochée second repris lunette interrogeait obstinément l'horizon allant venant frappant pied contrastant chef agitation nerveuse d'ailleurs mystère allait nécessairement s'éclaircir avant peu car ordre capitaine nemo machine accroissant puissance propulsive imprima l'hélice rotation plus rapide moment second attira nouveau l'attention capitaine celui-ci suspendit promenade dirigea lunette vers point indiqué l'observa longtemps côté très-sérieusement intrigué descendis salon j'en rapportai excellente longue-vue dont servais ordinairement puis l'appuyant cage fanal formait saillie l'avant plate-forme disposai parcourir toute ligne ciel mer œil s'était encore appliqué l'oculaire l'instrument vivement arraché mains retournai capitaine nemo devant reconnus physionomie transfigurée œil brillant d'un feu sombre dérobait sous sourcil froncé dents découvraient demi corps raide poings fermés tête retirée entre épaules témoignaient haine violente respirait toute personne bougeait lunette tombée main roulé pieds venais-je donc sans vouloir provoquer cette attitude colère s'imaginait-il cet incompréhensible personnage j'avais surpris quelque secret interdit hôtes _nautilus_ non cette haine n'en l'objet car regardait œil restait obstinément fixé l'impénétrable point l'horizon enfin capitaine nemo redevint maître physionomie si profondément altérée reprit calme habituel adressa second quelques mots langue étrangère puis retourna vers « monsieur aronnax dit-il d'un assez impérieux réclame l'observation l'un engagements lient —de quoi s'agit-il capitaine —il faut laisser enfermer compagnons jusqu'au moment où jugerai convenable rendre liberté —vous maître répondis-je regardant fixement puis-je adresser question —aucune monsieur. » mot n'avais discuter obéir puisque toute résistance impossible descendis cabine qu'occupaient ned land conseil fis part détermination capitaine laisse penser comment cette communication reçue canadien d'ailleurs temps manqua toute explication quatre hommes l'équipage attendaient porte conduisirent cette cellule où passé première nuit bord _nautilus_ ned land voulut réclamer porte ferma toute réponse « monsieur dira-t-il cela signifie » demanda conseil racontai compagnons s'était passé aussi étonnés aussi peu avancés cependant j'étais plongé abîme réflexions l'étrange appréhension physionomie capitaine nemo quittait pensée j'étais incapable d'accoupler deux idées logiques perdais plus absurdes hypothèses quand tiré contention d'esprit paroles ned land « tiens déjeuner servi » effet table préparée évident capitaine nemo donné cet ordre temps qu'il faisait hâter marche _nautilus_ « monsieur permettra-t-il faire recommandation demanda conseil —oui garçon répondis-je —eh bien monsieur déjeune c'est prudent car savons peut arriver —tu raison conseil —malheureusement dit ned land a donné menu bord —ami ned répliqua conseil diriez-vous donc si déjeuner manqué totalement » cette raison coupa net récriminations harponneur mîmes table repas fit assez silencieusement mangeai peu conseil « força » toujours prudence ned land quoi qu'il perdit coup dent puis déjeuner terminé chacun s'accota coin moment globe lumineux éclairait cellule s'éteignit laissa obscurité profonde ned land tarda s'endormir m'étonna conseil laissa aller aussi lourd assoupissement demandais pu provoquer chez cet impérieux besoin sommeil quand sentis cerveau s'imprégner d'une épaisse torpeur yeux voulais tenir ouverts fermèrent malgré j'étais proie hallucination douloureuse évidemment substances soporifiques mêlées aliments venions prendre n'était donc assez prison dérober projets capitaine nemo fallait encore sommeil j'entendis alors panneaux refermer ondulations mer provoquaient léger mouvement roulis cessèrent _nautilus_ avait-il donc quitté surface l'océan était-il rentré couche immobile eaux voulus résister sommeil impossible respiration s'affaiblit sentis froid mortel glacer membres alourdis comme paralysés paupières véritables calottes plomb tombèrent yeux pus soulever sommeil morbide plein d'hallucinations s'empara tout être puis visions disparurent laissèrent complet anéantissement
23,Chapter 24,xxiv royaume corail lendemain réveillai tête singulièrement dégagée a grande surprise j'étais chambre compagnons sans doute réintégrés cabine sans qu'ils s'en aperçus plus s'était passé pendant cette nuit l'ignoraient comme l'ignorais moi-même dévoiler mystère comptais hasards l'avenir songeai alors quitter chambre étais-je encore fois libre prisonnier libre entièrement j'ouvris porte pris coursives montai l'escalier central panneaux fermés veille ouverts j'arrivai plate-forme ned land conseil attendaient interrogeai savaient rien endormis d'un sommeil pesant laissait aucun souvenir très-surpris retrouver cabine illustration chacun s'accota page 190 quant _nautilus_ parut tranquille mystérieux comme toujours flottait surface flots sous allure modérée rien semblait changé bord ned land yeux pénétrants observa mer déserte canadien signala rien nouveau l'horizon ni voile ni terre brise d'ouest soufflait bruyamment longues lames échevelées vent imprimaient l'appareil très-sensible roulis _nautilus_ après avoir renouvelé air maintint profondeur moyenne quinze mètres manière pouvoir revenir promptement surface flots opération contre l'habitude pratiquée plusieurs fois pendant cette journée 19 janvier second montait alors plate-forme phrase accoutumée retentissait l'intérieur navire illustration là lit reposait homme figure énergique page 194 quant capitaine nemo parut gens bord vis l'impassible stewart servit exactitude mutisme ordinaires vers deux heures j'étais salon occupé classer notes lorsque capitaine ouvrit porte parut saluai rendit salut presque imperceptible sans m'adresser parole remis travail espérant qu'il donnerait peut-être explications événements marqué nuit précédente n'en fit rien regardai figure parut fatiguée yeux rougis n'avaient rafraîchis sommeil physionomie exprimait tristesse profonde réel chagrin allait venait s'asseyait relevait prenait livre hasard l'abandonnait aussitôt consultait instruments sans prendre notes habituelles semblait pouvoir tenir instant place enfin vint vers dit « êtes-vous médecin monsieur aronnax » m'attendais si peu cette demande regardai quelque temps sans répondre « êtes-vous médecin répéta-t-il plusieurs collègues fait leurs études médecine gratiolet moquin-tandon autres —en effet dis-je docteur interne hôpitaux j'ai pratiqué pendant plusieurs années avant d'entrer muséum —bien monsieur. » réponse évidemment satisfait capitaine nemo sachant où voulait venir j'attendis nouvelles questions réservant répondre suivant circonstances « monsieur aronnax dit capitaine consentiriez-vous donner soins l'un hommes —vous malade —oui —je prêt suivre —venez. » j'avouerai cœur battait sais pourquoi voyais certaine connexité entre cette maladie d'un homme l'équipage événements veille mystère préoccupait moins autant malade capitaine nemo conduisit l'arrière _nautilus_ fit entrer cabine située près poste matelots là lit reposait homme d'une quarantaine d'années figure énergique vrai type l'anglo-saxon penchai n'était seulement malade c'était blessé tête emmaillotée linges sanglants reposait double oreiller détachai linges blessé regardant grands yeux fixes laissa faire sans proférer seule plainte blessure horrible crâne fracassé instrument contondant montrait cervelle nu substance cérébrale subi attrition profonde caillots sanguins s'étaient formés masse diffluente affectait couleur lie vin fois contusion commotion cerveau respiration malade lente quelques mouvements spasmodiques muscles agitaient face phlegmasie cérébrale complète entraînait paralysie sentiment mouvement pris pouls blessé intermittent extrémités corps refroidissaient déjà vis mort s'approchait sans qu'il parût possible l'enrayer après avoir pansé malheureux rajustai linges tête retournai vers capitaine nemo « d'où vient cette blessure demandai-je —qu'importe répondit évasivement capitaine choc _nautilus_ a brisé leviers machine a frappé cet homme avis état » j'hésitais prononcer « pouvez parler dit capitaine cet homme n'entend français. » regardai dernière fois blessé puis répondis « cet homme mort deux heures —rien peut sauver —rien. » main capitaine nemo crispa quelques larmes glissèrent yeux croyais faits pleurer pendant quelques instants j'observai encore mourant dont vie retirait peu peu pâleur s'accroissait encore sous l'éclat électrique baignait lit mort regardais tête intelligente sillonnée rides prématurées malheur misère peut-être creusées depuis longtemps cherchais surprendre secret vie dernières paroles échappées lèvres « pouvez retirer monsieur aronnax » dit capitaine nemo laissai capitaine cabine mourant regagnai chambre très-ému cette scène pendant toute journée agité sinistres pressentiments nuit dormis mal entre songes fréquemment interrompus crus entendre soupirs lointains comme psalmodie funèbre était-ce prière morts murmurée cette langue savais comprendre lendemain matin montai pont capitaine nemo précédé dès qu'il m'aperçut vint « monsieur professeur dit-il conviendrait-il faire aujourd'hui excursion sous-marine —avec compagnons demandai-je —si cela plaît —nous ordres capitaine —veuillez donc aller revêtir scaphandres. » mourant mort question rejoignis ned land conseil fis connaître proposition capitaine nemo conseil s'empressa d'accepter cette fois canadien montra très-disposé suivre huit heures matin a huit heures demie vêtus cette nouvelle promenade munis deux appareils d'éclairage respiration double porte ouverte accompagnés capitaine nemo suivaient douzaine d'hommes l'équipage prenions pied profondeur dix mètres sol ferme où reposait _nautilus_ légère pente aboutissait fond accidenté quinze brasses profondeur environ fond différait complétement celui j'avais visité pendant première excursion sous eaux l'océan pacifique ici point sable fin point prairies sous-marines nulle forêt pélagienne reconnus immédiatement cette région merveilleuse dont jour-là capitaine nemo faisait honneurs c'était royaume corail l'embranchement zoophytes classe alcyonnaires remarque l'ordre gorgonaires renferme trois groupes gorgoniens isidiens coralliens c'est dernier qu'appartient corail curieuse substance tour tour classée règnes minéral végétal animal remède chez anciens bijou chez modernes seulement 1694 marseillais peysonnel rangea définitivement règne animal corail ensemble d'animalcules réunis polypier nature cassante pierreuse polypes générateur unique a produits bourgeonnement possèdent existence propre tout participant vie commune c'est donc sorte socialisme naturel connaissais derniers travaux faits bizarre zoophyte minéralise tout s'arborisant suivant très-juste observation naturalistes rien pouvait être plus intéressant visiter l'une forêts pétrifiées nature a plantées fond mers appareils ruhmkorff mis activité suivîmes banc corail voie formation temps aidant fermera jour cette portion l'océan indien route bordée d'inextricables buissons formés l'enchevêtrement d'arbrisseaux couvraient petites fleurs étoilées rayons blancs seulement l'inverse plantes terre arborisations fixées rochers sol dirigeaient toutes haut bas lumière produisait mille effets charmants jouant milieu ramures si vivement colorées semblait voir tubes membraneux cylindriques trembler sous l'ondulation eaux j'étais tenté cueillir leurs fraîches corolles ornées délicats tentacules unes nouvellement épanouies autres naissant peine pendant légers poissons rapides nageoires effleuraient passant comme volées d'oiseaux si main s'approchait fleurs vivantes sensitives animées aussitôt l'alerte mettait colonie corolles blanches rentraient leurs étuis rouges fleurs s'évanouissaient sous regards buisson changeait bloc mamelons pierreux hasard m'avait mis là présence plus précieux échantillons zoophyte corail valait celui pêche méditerranée côtes france d'italie barbarie justifiait tons vifs noms poétiques _fleur sang_ d'_écume sang_ commerce donne plus beaux produits corail vend jusqu cinq cents francs kilogramme cet endroit couches liquides recouvraient fortune tout monde corailleurs cette précieuse matière souvent mélangée d'autres polypiers formait alors ensembles compacts inextricables appelés « macciota » lesquels remarquai d'admirables spécimens corail rose bientôt buissons resserrèrent arborisations grandirent véritables taillis pétrifiés longues travées d'une architecture fantaisiste s'ouvrirent devant capitaine nemo s'engagea sous obscure galerie dont pente douce conduisit profondeur cent mètres lumière serpentins produisait parfois effets magiques s'accrochant rugueuses aspérités arceaux naturels pendentifs disposés comme lustres qu'elle piquait pointes feu entre arbrisseaux coralliens j'observai d'autres polypes non moins curieux mélites iris ramifications articulées puis quelques touffes corallines unes vertes autres rouges véritables algues encroûtées leurs sels calcaires naturalistes après longues discussions définitivement rangées règne végétal suivant remarque d'un penseur « c'est peut-être là point réel où vie obscurément soulève sommeil pierre sans détacher encore rude point départ. » enfin après deux heures marche atteint profondeur trois cents mètres environ c'est-à-dire limite extrême laquelle corail commence former là n'était plus buisson isolé ni modeste taillis basse futaie c'était forêt immense grandes végétations minérales énormes arbres pétrifiés réunis guirlandes d'élégantes plumarias lianes mer toutes parées nuances reflets passions librement sous haute ramure perdue l'ombre flots tandis pieds tubipores méandrines astrées fongies cariophylles formaient tapis fleurs semé gemmes éblouissantes quel indescriptible spectacle ah pouvions-nous communiquer sensations pourquoi étions-nous emprisonnés sous masque métal verre pourquoi paroles étaient-elles interdites l'un l'autre vivions-nous moins vie poissons peuplent liquide élément plutôt encore celle amphibies pendant longues heures peuvent parcourir gré caprice double domaine terre eaux cependant capitaine nemo s'était arrêté compagnons suspendîmes marche retournant vis hommes formaient demi-cercle autour chef regardant plus d'attention j'observai quatre d'entre portaient leurs épaules objet forme oblongue occupions cet endroit centre d'une vaste clairière entourée hautes arborisations forêt sous-marine lampes projetaient cet espace sorte clarté crépusculaire allongeait démesurément ombres sol a limite clairière l'obscurité redevenait profonde recueillait petites étincelles retenues vives arrêtes corail ned land conseil près regardions vint pensée j'allais assister scène étrange observant sol vis qu'il gonflé certains points légères extumescences encroûtées dépôts calcaires disposées régularité trahissait main l'homme milieu clairière piédestal rocs grossièrement entassés dressait croix corail étendait longs bras qu'on dit faits d'un sang pétrifié signe capitaine nemo hommes s'avança quelques pieds croix commença creuser trou pioche qu'il détacha ceinture compris tout cette clairière c'était cimetière trou tombe cet objet oblong corps l'homme mort nuit capitaine nemo siens venaient enterrer compagnon cette demeure commune fond cet inaccessible océan non jamais esprit surexcité point jamais idées plus impressionnantes n'envahirent cerveau voulais voir voyaient yeux cependant tombe creusait lentement poissons fuyaient ça là retraite troublée j'entendais résonner sol calcaire fer pic étincelait parfois heurtant quelque silex perdu fond eaux trou s'allongeait s'élargissait bientôt assez profond recevoir corps alors porteurs s'approchèrent corps enveloppé tissu byssus blanc descendit humide tombe capitaine nemo bras croisés poitrine tous amis celui aimés s'agenouillèrent l'attitude prière ... deux compagnons religieusement inclinés tombe alors recouverte débris arrachés sol formèrent léger renflement quand fait capitaine nemo hommes redressèrent puis rapprochant tombe tous fléchirent encore genou tous étendirent main signe suprême adieu ... alors funèbre troupe reprit chemin _nautilus_ repassant sous arceaux forêt milieu taillis long buissons corail toujours montant enfin feux bord apparurent traînée lumineuse guida jusqu'au _nautilus_ a heure retour dès vêtements changés remontai plate-forme proie terrible obsession d'idées j'allai m'asseoir près fanal capitaine nemo rejoignit levai dis « ainsi suivant prévisions cet homme mort nuit —oui monsieur aronnax répondit capitaine nemo —et repose maintenant près compagnons cimetière corail —oui oubliés tous non creusons tombe polypes chargent sceller morts l'éternité » cachant d'un geste brusque visage mains crispées capitaine essaya vainement comprimer sanglot puis ajouta « c'est là paisible cimetière quelques centaines pieds au-dessous surface flots illustration tous s'agenouillèrent l'attitude prière page 199 —vos morts dorment moins tranquilles capitaine hors l'atteinte requins —oui monsieur répondit gravement capitaine nemo requins hommes » fin première partie deuxième partie illustration vingt mille lieues sous mers deuxième partie
24,Chapter 25,premier l'océan indien ici commence seconde partie voyage sous mers première s'est terminée cette émouvante scène cimetière corail a laissé esprit impression profonde ainsi donc sein cette mer immense vie capitaine nemo déroulait tout entière n'était jusqu tombe qu'il n'eût préparée plus impénétrable abîmes là monstres l'océan viendrait troubler dernier sommeil hôtes _nautilus_ amis rivés uns autres mort aussi bien vie « nul homme non plus » ajouté capitaine toujours cette défiance farouche implacable envers sociétés humaines contentais plus hypothèses satisfaisaient conseil digne garçon persistait voir commandant _nautilus_ qu'un savants méconnus rendent l'humanité mépris indifférence c'était encore génie incompris las déceptions terre dû réfugier cet inaccessible milieu où instincts s'exerçaient librement avis cette hypothèse n'expliquait qu'un côtés capitaine nemo effet mystère cette dernière nuit pendant laquelle enchaînés prison sommeil précaution si violemment prise capitaine d'arracher yeux lunette prête parcourir l'horizon blessure mortelle cet homme due choc inexplicable _nautilus_ tout cela poussait voie nouvelle non capitaine nemo contentait fuir hommes formidable appareil servait non-seulement instincts liberté peut-être aussi intérêts sais quelles terribles représailles moment rien n'est évident n'entrevois encore ténèbres lueurs dois borner écrire ainsi dire sous dictée événements d'ailleurs rien lie capitaine nemo sait s'échapper _nautilus_ impossible prisonniers parole aucun engagement d'honneur enchaîne captifs prisonniers déguisés sous nom d'hôtes semblant courtoisie toutefois ned land a renoncé l'espoir recouvrer liberté certain qu'il profitera première occasion hasard offrira ferai comme sans doute cependant sans sorte regret j'emporterai générosité capitaine laissé pénétrer mystères _nautilus_ car enfin faut-il haïr cet homme l'admirer est-ce victime bourreau puis être franc voudrais avant l'abandonner jamais voudrais avoir accompli tour monde sous-marin dont débuts si magnifiques voudrais avoir observé complète série merveilles entassées sous mers globe voudrais avoir vu nul homme a vu encore quand devrais payer vie cet insatiable besoin d'apprendre qu'ai-je découvert jusqu'ici rien presque rien puisque n'avons encore parcouru six mille lieues travers pacifique pourtant sais bien _nautilus_ rapproche terres habitées si quelque chance salut s'offre cruel sacrifier compagnons passion l'inconnu faudra suivre peut-être guider cette occasion présentera-t-elle jamais l'homme privé force libre arbitre désire cette occasion savant curieux redoute jour-là 21 janvier 1868 midi second vint prendre hauteur soleil montai plate-forme j'allumai cigare suivis l'opération parut évident cet homme comprenait français car plusieurs fois fis voix haute réflexions dû arracher quelque signe involontaire d'attention s'il comprises resta impassible muet pendant qu'il observait moyen sextant matelots _nautilus_ —cet homme vigoureux accompagnés lors première excursion sous-marine l'île crespo —vint nettoyer vitres fanal j'examinai alors l'installation cet appareil dont puissance centuplée anneaux lenticulaires disposés comme ceux phares maintenaient lumière plan utile lampe électrique combinée manière donner tout pouvoir éclairant lumière effet produisait vide assurait fois régularité intensité vide économisait aussi pointes graphite entre lesquelles développe l'arc lumineux économie importante capitaine nemo n'aurait pu renouveler aisément conditions usure presque insensible lorsque _nautilus_ prépara reprendre marche sous-marine redescendis salon panneaux refermèrent route donnée directement l'ouest sillonnions alors flots l'océan indien vaste plaine liquide d'une contenance cinq cent cinquante millions d'hectares dont eaux si transparentes qu'elles donnent vertige penche surface _nautilus_ flottait généralement entre cent deux cents mètres profondeur ainsi pendant quelques jours a tout autre pris d'un immense amour mer heures sans doute paru longues monotones promenades quotidiennes plate-forme où retrempais l'air vivifiant l'océan spectacle riches eaux travers vitres salon lecture livres bibliothèque rédaction mémoires employaient tout temps laissaient moment lassitude d'ennui santé tous maintenait état très-satisfaisant régime bord convenait parfaitement compte bien passé variantes ned land esprit protestation s'ingéniait apporter plus cette température constante rhume craindre d'ailleurs madréporaire _dendrophyllée_ connu provence sous nom « fenouil mer » dont existait certaine réserve bord fourni chair fondante polypes pâte excellente contre toux pendant quelques jours vîmes grande quantité d'oiseaux aquatiques palmipèdes mouettes goëlands quelques-uns adroitement tués préparés d'une certaine façon fournirent gibier d'eau très-acceptable parmi grands voiliers emportés longues distances toutes terres reposent flots fatigues vol j'aperçus magnifiques albatros cri discordant comme braiement d'âne oiseaux appartiennent famille longipennes famille totipalmes représentée frégates rapides pêchaient prestement poissons surface nombreux phaétons paille-en-queue entre autres phaéton brins rouges gros comme pigeon dont plumage blanc nuancé tons roses font valoir teinte noire ailes filets _nautilus_ rapportèrent plusieurs sortes tortues marines genre caret dos bombé dont l'écaille très-estimée reptiles plongent facilement peuvent maintenir longtemps sous l'eau fermant soupape charnue située l'orifice externe canal nasal quelques-uns carets lorsqu'on prit dormaient encore carapace l'abri animaux marins chair tortues généralement médiocre leurs œufs formaient régal excellent quant poissons provoquaient toujours admiration quand surprenions travers panneaux ouverts secrets vie aquatique remarquai plusieurs espèces qu'il m'avait donné d'observer jusqu'alors citerai principalement ostracions particuliers mer rouge mer indes cette partie l'océan baigne côtes l'amérique équinoxiale poissons comme tortues tatous oursins crustacés protégés cuirasse n'est ni crétacée ni pierreuse véritablement osseuse tantôt affecte forme d'un solide triangulaire tantôt forme d'un solide quadrangulaire parmi triangulaires j'en notai quelques-uns d'une longueur d'un demi-décimètre d'une chair salubre d'un goût exquis bruns queue jaunes nageoires dont recommande l'acclimatation eaux douces auxquelles d'ailleurs certain nombre poissons mer s'accoutument aisément citerai aussi ostracions quadrangulaires surmontés dos quatre gros tubercules ostracions mouchetés points blancs sous partie inférieure corps s'apprivoisent comme oiseaux trigones pourvus d'aiguillons formés prolongation croûte osseuse auxquels singulier grognement a valu surnom « cochons mer » puis dromadaires grosses bosses forme cône dont chair dure coriace illustration albatros frégates phaétons page 204 relève encore notes quotidiennes tenues maître conseil certains poissons genre tétrodons particuliers mers spenglériens dos rouge poitrine blanche distinguent trois rangées longitudinales filaments électriques longs sept pouces parés plus vives couleurs puis comme échantillons d'autres genres ovoïdes semblables œuf d'un brun noir sillonnés bandelettes blanches dépourvus queue diodons véritables porcs-épics mer munis d'aiguillons pouvant gonfler manière former pelote hérissée dards hippocampes communs tous océans pégases volants museau allongé auxquels leurs nageoires pectorales très-étendues disposées forme d'ailes permettent sinon voler moins s'élancer airs pigeons spatulés dont queue couverte nombreux anneaux écailleux macrognathes longue mâchoire excellents poissons longs vingt-cinq centimètres brillants plus agréables couleurs calliomores livides dont tête rugueuse myriades blennies-sauteurs rayés noir longues nageoires pectorales glissant surface eaux prodigieuse vélocité délicieux vélifères peuvent hisser leurs nageoires comme autant voiles déployées courants favorables kurtes splendides auxquels nature a prodigué jaune bleu céleste l'argent l'or trichoptères dont ailes formées filaments cottes toujours maculées limon produisent certain bruissement trygles dont foie considéré comme poison bodians portent yeux œillère mobile enfin soufflets museau long tubuleux véritables gobes-mouches l'océan armés d'un fusil n'ont prévu ni chassepot ni remington tuent insectes frappant d'une simple goutte d'eau quatre-vingt-neuvième genre poissons classés lacépède appartient seconde sous-classe osseux caractérisés opercule membrane bronchiale remarquai scorpene dont tête garnie d'aiguillons possède qu'une seule nageoire dorsale animaux revêtus privés petites écailles suivant sous-genre auquel appartiennent second sous-genre donna échantillons dydactyles longs trois quatre décimètres rayés jaune dont tête d'un aspect fantastique quant premier sous-genre fournit plusieurs spécimens poisson bizarre justement surnommé « crapaud mer » poisson tête grande tantôt creusée sinus profonds tantôt boursouflée protubérances hérissé d'aiguillons parsemé tubercules porte cornes irrégulières hideuses corps queue garnis callosités piquants font blessures dangereuses répugnant horrible 21 23 janvier _nautilus_ marcha raison deux cent cinquante lieues vingt-quatre heures cinq cent quarante milles vingt-deux milles l'heure si reconnaissions passage diverses variétés poissons c'est ceux-ci attirés l'éclat électrique cherchaient accompagner plupart distancés cette vitesse restaient bientôt arrière quelques-uns cependant parvenaient maintenir pendant certain temps eaux _nautilus_ 24 matin 12° 5′ latitude sud 94° 33′ longitude connaissance l'île keeling soulèvement madréporique planté magnifiques cocos visitée m. darwin capitaine fitz-roy _nautilus_ prolongea peu distance accores cette île déserte dragues rapportèrent nombreux échantillons polypes d'échinodermes tests curieux l'embranchement mollusques quelques précieux produits l'espèce dauphinules accrurent trésors capitaine nemo auquel joignis astrée punctifère sorte polypier parasite souvent fixé coquille bientôt l'île keeling disparut sous l'horizon route donnée nord-ouest vers pointe péninsule indienne « terres civilisées dit jour-là ned land cela vaudra mieux îles papouasie où l'on rencontre plus sauvages chevreuils cette terre indienne monsieur professeur a routes chemins fer villes anglaises françaises indoues ferait cinq milles sans rencontrer compatriote hein est-ce moment n'est venu brûler politesse capitaine nemo —non ned non répondis-je d'un très-déterminé laissons courir comme dites autres marins _nautilus_ rapproche continents habités revient vers l'europe qu'il conduise fois arrivés mers verrons prudence conseillera tenter d'ailleurs suppose capitaine nemo permette d'aller chasser côtes malabar coromandel comme forêts nouvelle-guinée —eh bien monsieur peut-on passer permission » répondis canadien voulais discuter fond j'avais cœur d'épuiser jusqu'au bout hasards destinée m'avait jeté bord _nautilus_ a partir l'île keeling marche ralentit généralement aussi plus capricieuse entraîna souvent grandes profondeurs fit plusieurs fois usage plans inclinés leviers intérieurs pouvaient placer obliquement ligne flottaison allâmes ainsi jusqu deux trois kilomètres sans jamais avoir vérifié grands fonds cette mer indienne sondes treize mille mètres n'ont pu atteindre quant température basses couches thermomètre indiqua toujours invariablement quatre degrés au-dessus zéro j'observai seulement nappes supérieures l'eau toujours plus froide hauts fonds qu'en pleine mer 25 janvier l'océan absolument désert _nautilus_ passa journée surface battant flots puissante hélice faisant rejaillir grande hauteur comment conditions l'eût-on pris cétacé gigantesque passai trois quarts cette journée plate-forme regardais mer rien l'horizon si n'est vers quatre heures soir long steamer courait l'ouest contre-bord mâture visible instant pouvait apercevoir _nautilus_ trop ras l'eau pensai bateau vapeur appartenait ligne péninsulaire orientale fait service l'île ceyland sydney touchant pointe roi georges melbourne a cinq heures soir avant rapide crépuscule lie jour nuit zones tropicales conseil émerveillés curieux spectacle charmant animal dont rencontre suivant anciens présageait chances heureuses aristote athénée pline oppien étudié goûts épuisé égard toute poétique savants grèce l'italie l'appelèrent _nautilus_ _pompylius_ science moderne a ratifié appellation mollusque maintenant connu sous nom d'argonaute consulté conseil appris brave garçon l'embranchement mollusques divise cinq classes première classe celle céphalopodes dont sujets tantôt nus tantôt testacés comprend deux familles celles dibranchiaux tétrabranchiaux distinguent nombre leurs branches famille dibranchiaux renferme trois genres l'argonaute calmar seiche famille tétrabranchiaux n'en contient qu'un seul nautile si après cette nomenclature esprit rebelle confondu l'argonaute _acétabulifère_ c'est-à-dire porteur ventouses nautile _tentaculifère_ c'est-à-dire porteur tentacules sans excuse or c'était troupe argonautes voyageait alors surface l'océan pouvions compter plusieurs centaines appartenaient l'espèce argonautes tuberculés spéciale mers l'inde illustration argonautes page 209 gracieux mollusques mouvaient reculons moyen tube locomoteur chassant tube l'eau qu'ils aspirée leurs huit tentacules six allongés amincis flottaient l'eau tandis deux autres arrondis palmes tendaient vent comme voile légère voyais parfaitement coquille spiraliforme ondulée cuvier compare justement élégante chaloupe véritable bateau effet transporte l'animal a sécrété sans l'animal adhère « l'argonaute libre quitter coquille dis-je conseil quitte jamais —ainsi fait capitaine nemo répondit judicieusement conseil c'est pourquoi mieux fait d'appeler navire l'_argonaute_. » pendant heure environ _nautilus_ flotta milieu cette troupe mollusques puis sais quel effroi prit soudain comme signal toutes voiles subitement amenées bras replièrent corps contractèrent coquilles renversant changèrent centre gravité toute flottille disparut sous flots instantané jamais navires d'une escadre manœuvrèrent plus d'ensemble moment nuit tomba subitement lames peine soulevées brise s'allongèrent paisiblement sous précintes _nautilus_ lendemain 26 janvier coupions l'équateur quatre-vingt-deuxième méridien rentrions l'hémisphère boréal pendant cette journée formidable troupe squales fit cortége terribles animaux pullulent mers rendent fort dangereuses c'étaient squales philipps dos brun ventre blanchâtre armés onze rangées dents squales œillés dont cou marqué d'une grande tache noire cerclée blanc ressemble œil squales isabelle museau arrondi semé points obscurs souvent puissants animaux précipitaient contre vitre salon violence peu rassurante ned land possédait plus alors voulait remonter surface flots harponner monstres surtout certains squales émissoles dont gueule pavée dents disposées comme mosaïque grands squales tigrés longs cinq mètres provoquaient insistance toute particulière bientôt _nautilus_ accroissant vitesse laissa facilement arrière plus rapides requins 27 janvier l'ouvert vaste golfe bengale rencontrâmes plusieurs reprises spectacle sinistre cadavres flottaient surface flots c'étaient morts villes indiennes charriés gange jusqu haute mer vautours seuls ensevelisseurs pays n'avaient achevé dévorer squales manquaient aider funèbre besogne vers sept heures soir _nautilus_ demi-immergé navigua milieu d'une mer lait a perte vue l'océan semblait être lactifié était-ce l'effet rayons lunaires non car lune deux jours peine encore perdue au-dessous l'horizon rayons soleil tout ciel quoique éclairé rayonnement sidéral semblait noir contraste blancheur eaux conseil pouvait croire yeux m'interrogeait causes singulier phénomène heureusement j'étais mesure répondre « c'est qu'on appelle mer lait dis-je vaste étendue flots blancs voit fréquemment côtes d'amboine parages —mais demanda conseil monsieur peut-il m'apprendre quelle cause produit pareil effet car cette eau s'est changée lait suppose —non garçon cette blancheur surprend n'est due présence myriades bestioles infusoires sortes petits vers lumineux d'un aspect gélatineux incolore l'épaisseur d'un cheveu dont longueur dépasse cinquième millimètre quelques-unes bestioles adhèrent entre elles pendant l'espace plusieurs lieues —plusieurs lieues s'écria conseil —oui garçon cherche supputer nombre infusoires parviendrais car si trompe certains navigateurs flotté mers lait pendant plus quarante milles. » sais si conseil tint compte recommandation parut plonger réflexions profondes cherchant sans doute évaluer combien quarante milles carrés contiennent cinquièmes millimètres continuai d'observer phénomène pendant plusieurs heures _nautilus_ trancha éperon flots blanchâtres remarquai qu'il glissait sans bruit cette eau savonneuse comme s'il flotté remous d'écume courants contre-courants baies laissaient quelquefois entre vers minuit mer reprit subitement teinte ordinaire derrière jusqu'aux limites l'horizon ciel réfléchissant blancheur flots sembla longtemps imprégné vagues lueurs d'une aurore boréale
25,Chapter 26,ii nouvelle proposition capitaine nemo 28 février lorsque _nautilus_ revint midi surface mer 9° 4′ latitude nord trouvait vue d'une terre restait huit milles l'ouest j'observai tout d'abord agglomération montagnes hautes deux mille pieds environ dont formes modelaient très-capricieusement point terminé rentrai salon lorsque relèvement reporté carte reconnus présence l'île ceyland cette perle pend lobe inférieur péninsule indienne j'allai chercher bibliothèque quelque livre relatif cette île l'une plus fertiles globe trouvai précisément volume sirr h. c. esq. intitulé _ceylan and the cingalese_ rentré salon notai d'abord relèvements ceyland laquelle l'antiquité prodigué tant noms divers situation entre 5° 55′ 9° 49′ latitude nord entre 79° 42′ 82° 4′ longitude l'est méridien greenwich longueur deux cent soixante-quinze milles largeur maximum cent cinquante milles circonférence neuf cents milles superficie vingt-quatre mille quatre cent quarante-huit milles c'est-à-dire peu inférieure celle l'irlande capitaine nemo second parurent moment capitaine jeta coup d'œil carte puis retournant vers « l'île ceyland dit-il terre célèbre pêcheries perles serait-il agréable monsieur aronnax visiter l'une pêcheries —sans aucun doute capitaine —bien chose facile seulement si voyons pêcheries verrons pêcheurs l'exploitation annuelle n'est encore commencée n'importe vais donner l'ordre rallier golfe manaar où arriverons nuit. » capitaine dit quelques mots second sortit aussitôt bientôt _nautilus_ rentra liquide élément manomètre indiqua qu'il tenait profondeur trente pieds carte sous yeux cherchai alors golfe manaar trouvai neuvième parallèle côte nord-ouest ceyland formé ligne allongée petite île manaar l'atteindre fallait remonter tout rivage occidental ceyland « monsieur professeur dit alors capitaine nemo pêche perles golfe bengale mer indes mers chine japon mers sud l'amérique golfe panama golfe californie c'est ceyland cette pêche obtient plus beaux résultats arrivons peu tôt sans doute pêcheurs rassemblent pendant mois mars golfe manaar là pendant trente jours leurs trois cents bateaux livrent cette lucrative exploitation trésors mer chaque bateau monté dix rameurs dix pêcheurs ceux-ci divisés deux groupes plongent alternativement descendent profondeur douze mètres moyen d'une lourde pierre qu'ils saisissent entre leurs pieds qu'une corde rattache bateau —ainsi dis-je c'est toujours moyen primitif encore usage —toujours répondit capitaine nemo bien pêcheries appartiennent peuple plus industrieux globe anglais auxquels traité d'amiens a cédées 1802 —il semble cependant scaphandre tel l'employez rendrait grands services telle opération —oui car pauvres pêcheurs peuvent demeurer longtemps sous l'eau l'anglais perceval voyage ceyland parle bien d'un cafre restait cinq minutes sans remonter surface fait paraît peu croyable sais quelques plongeurs vont jusqu cinquante-sept secondes très-habiles jusqu quatre-vingt-sept toutefois rares revenus bord malheureux rendent nez oreilles l'eau teintée sang crois moyenne temps pêcheurs peuvent supporter trente secondes pendant lesquelles hâtent d'entasser petit filet toutes huîtres perlières qu'ils arrachent généralement pêcheurs vivent vieux vue s'affaiblit ulcérations déclarent leurs yeux plaies forment corps souvent frappés d'apoplexie fond mer —oui dis-je c'est triste métier sert satisfaction quelques caprices dites-moi capitaine quelle quantité d'huîtres peut pêcher bateau journée —quarante cinquante mille environ dit qu'en 1814 gouvernement anglais fait pêcher propre compte plongeurs vingt journées travail rapportèrent soixante-seize millions d'huîtres —au moins demandai-je pêcheurs sont-ils suffisamment rétribués —a peine monsieur professeur a panama gagnent qu'un dollar semaine plus souvent sol huître renferme perle combien ramènent-ils n'en contiennent —un sol pauvres gens enrichissent leurs maîtres c'est odieux —ainsi monsieur professeur dit capitaine nemo compagnons visiterez banc manaar si hasard quelque pêcheur hâtif trouve déjà eh bien verrons opérer —c'est convenu capitaine —a propos monsieur aronnax n'avez peur requins —des requins » m'écriai-je cette question parut moins très-oiseuse « eh bien reprit capitaine nemo —je avouerai capitaine encore très-familiarisé genre poissons —nous habitués autres répliqua capitaine nemo temps ferez d'ailleurs armés chemin faisant pourrons peut-être chasser quelque squale c'est chasse intéressante ainsi donc demain monsieur professeur grand matin. » cela dit d'un dégagé capitaine nemo quitta salon inviterait chasser l'ours montagnes suisse diriez « très-bien demain irons chasser l'ours. » inviterait chasser lion plaines l'atlas tigre jungles l'inde diriez « ah ah paraît allons chasser tigre lion » inviterait chasser requin élément naturel demanderiez peut-être réfléchir avant d'accepter cette invitation passai main front où perlaient quelques gouttes sueur froide « réfléchissons dis-je prenons temps chasser loutres forêts sous-marines comme l'avons fait forêts l'île crespo passe encore courir fond mers quand peu près certain rencontrer squales c'est autre chose sais bien certains pays îles andamènes particulièrement nègres n'hésitent attaquer requin poignard main lacet l'autre sais aussi beaucoup ceux affrontent formidables animaux reviennent vivants d'ailleurs nègre quand nègre crois cas légère hésitation part déplacée. » voilà rêvant requins songeant vastes mâchoires armées multiples rangées dents capables couper homme deux sentais déjà certaine douleur autour reins puis pouvais digérer sans-façon lequel capitaine fait cette déplorable invitation n'eût-on dit qu'il s'agissait d'aller traquer sous bois quelque renard inoffensif « bon pensai-je jamais conseil voudra venir cela dispensera d'accompagner capitaine. » quant ned land j'avoue sentais aussi sûr sagesse péril si grand qu'il toujours attrait nature batailleuse repris lecture livre sirr feuilletai machinalement voyais entre lignes mâchoires formidablement ouvertes moment conseil canadien entrèrent l'air tranquille joyeux savaient attendait « foi monsieur dit ned land capitaine nemo —que diable emporte —vient faire très-aimable proposition —ah dis-je savez ... —n'en déplaise monsieur répondit conseil commandant _nautilus_ a invités visiter demain compagnie monsieur magnifiques pêcheries ceyland a fait termes excellents s'est conduit véritable gentleman —il a rien dit plus —rien monsieur répondit canadien si n'est qu'il parlé cette petite promenade —en effet dis-je a donné aucun détail ... —aucun monsieur naturaliste accompagnerez n'est-il vrai —moi ... sans doute vois prenez goût maître land —oui c'est curieux très-curieux —dangereux peut-être ajoutai-je d'un insinuant —dangereux répondit ned land simple excursion banc d'huîtres » décidément capitaine nemo jugé inutile d'éveiller l'idée requins l'esprit compagnons regardais d'un œil troublé comme s'il manquait déjà quelque membre devais-je prévenir oui sans doute savais trop comment prendre « monsieur dit conseil monsieur voudra-t-il donner détails pêche perles —sur pêche elle-même demandai-je incidents ... —sur pêche répondit canadien avant s'engager terrain bon connaître —eh bien asseyez-vous amis vais apprendre tout l'anglais sirr vient m'apprendre moi-même. » ned conseil prirent place divan tout d'abord canadien dit « monsieur qu'est-ce c'est qu'une perle —mon brave ned répondis-je poëte perle larme mer orientaux c'est goutte rosée solidifiée dames c'est bijou forme oblongue d'un éclat hyalin d'une matière nacrée qu'elles portent doigt cou l'oreille chimiste c'est mélange phosphate carbonate chaux peu gélatine enfin naturalistes c'est simple sécrétion maladive l'organe produit nacre chez certains bivalves illustration cadavres flottaient page 210 —embranchement mollusques dit conseil classe acéphales ordre testacés —précisément savant conseil or parmi testacés l'oreille-de-mer iris turbots tridacnes pinnes-marines mot tous ceux sécrètent nacre c'est-à-dire cette substance bleue bleuâtre violette blanche tapisse l'intérieur leurs valves susceptibles produire perles illustration prîmes place l'arrière canot page 222 —les moules aussi demanda canadien —oui moules certains cours d'eau l'écosse pays galles l'irlande saxe bohême france —bon fera attention désormais répondit canadien —mais repris-je mollusque excellence distille perle c'est l'huître perlière _méléagrina margaritifera_ précieuse pintadine perle n'est qu'une concrétion nacrée dispose sous forme globuleuse adhère coquille l'huître s'incruste plis l'animal valves perle adhérente chairs libre a toujours noyau petit corps dur ovule stérile grain sable autour duquel matière nacrée dépose plusieurs années successivement couches minces concentriques —trouve-t-on plusieurs perles huître demanda conseil —oui garçon a certaines pintadines forment véritable écrin a cité huître permets d'en douter contenait moins cent cinquante requins —cent cinquante requins s'écria ned land —ai-je dit requins m'écriai-je vivement veux dire cent cinquante perles requins n'aurait aucun sens —en effet dit conseil monsieur apprendra-t-il maintenant quels moyens extrait perles —on procède plusieurs façons souvent quand perles adhèrent valves pêcheurs arrachent pinces plus communément pintadines étendues nattes sparterie couvrent rivage elles meurent ainsi l'air libre bout dix jours elles trouvent état satisfaisant putréfaction plonge alors vastes réservoirs d'eau mer puis ouvre lave c'est moment commence double travail rogueurs d'abord séparent plaques nacre connues commerce sous nom _franche argentée_ _bâtarde blanche_ _bâtarde noire_ livrées caisses cent vingt-cinq cent cinquante kilogrammes puis enlèvent parenchyme l'huître font bouillir tamisent afin d'en extraire jusqu'aux plus petites perles —le prix perles varie suivant grosseur demanda conseil —non-seulement selon grosseur répondis-je aussi selon forme selon _eau_ c'est-à-dire couleur selon _orient_ c'est-à-dire cet éclat chatoyant diapré rend si charmantes l'œil plus belles perles appelées perles vierges paragons elles forment isolément tissu mollusque elles blanches souvent opaques quelquefois d'une transparence opaline plus communément sphériques piriformes sphériques elles forment bracelets piriformes pendeloques plus précieuses elles vendent pièce autres perles adhèrent coquille l'huître plus irrégulières elles vendent poids enfin ordre inférieur classent petites perles connues sous nom semences elles vendent mesure servent plus particulièrement exécuter broderies ornements d'église —mais travail consiste séparer perles selon grosseur doit être long difficile dit canadien —non ami travail fait moyen onze tamis cribles percés d'un nombre variable trous perles restent tamis comptent vingt quatre-vingts trous premier ordre celles s'échappent cribles percés cent huit cents trous second ordre enfin perles lesquelles l'on emploie tamis percés neuf cents mille trous forment semence —c'est ingénieux dit conseil vois division classement perles s'opère mécaniquement monsieur pourra-t-il dire rapporte l'exploitation bancs d'huîtres perlières —a s'en tenir livre sirr répondis-je pêcheries ceyland affermées annuellement somme trois millions squales —de francs reprit conseil —oui francs trois millions francs repris-je crois pêcheries rapportent plus qu'elles rapportaient autrefois pêcheries américaines sous règne charles-quint produisaient quatre millions francs présentement réduits deux tiers somme peut évaluer neuf millions francs rendement général l'exploitation perles —mais demanda conseil est-ce l'on cite quelques perles célèbres cotées très-haut prix —oui garçon dit césar offrit servillia perle estimée cent vingt mille francs monnaie —j'ai entendu raconter dit canadien qu'une certaine dame antique buvait perles vinaigre —cléopâtre riposta conseil —ça devait être mauvais ajouta ned land —détestable ami ned répondit conseil petit verre vinaigre coûte quinze cents mille francs c'est d'un joli prix —je regrette avoir épousé cette dame dit canadien manœuvrant bras d'un air peu rassurant —ned land l'époux cléopâtre s'écria conseil —mais j'ai dû marier conseil répondit sérieusement canadien n'est faute si l'affaire a réussi j'avais acheté collier perles kat tender fiancée d'ailleurs a épousé autre eh bien collier m'avait coûté plus d'un dollar demi cependant —monsieur professeur voudra bien croire —les perles composaient n'auraient passé tamis vingt trous —mon brave ned répondis-je riant c'étaient perles artificielles simples globules verre enduits l'intérieur d'essence d'orient —eh cette essence d'orient répondit canadien cela doit coûter cher —si peu rien n'est autre chose substance argentée l'écaille l'ablette recueillie l'eau conservée l'ammoniaque a aucune valeur —c'est peut-être cela kat tender a épousé autre répondit philosophiquement maître land —mais dis-je revenir perles haute valeur crois jamais souverain possédé supérieure celle capitaine nemo —celle-ci dit conseil montrant magnifique bijou enfermé sous vitrine —certainement trompe assignant valeur deux millions ... —francs dit vivement conseil —oui dis-je deux millions francs sans doute n'aura coûté capitaine peine ramasser —eh s'écria ned land dit demain pendant promenade rencontrerons pareille —bah fit conseil —et pourquoi —a quoi millions serviraient-ils bord _nautilus_ —a bord non dit ned land ... ailleurs —oh ailleurs fit conseil secouant tête —au fait dis-je maître land a raison si rapportons jamais europe amérique perle quelques millions voilà moins donnera grande authenticité temps grand prix récit aventures —je crois dit canadien —mais dit conseil revenait toujours côté instructif choses est-ce cette pêche perles dangereuse —non répondis-je vivement surtout si l'on prend certaines précautions —que risque-t-on métier dit ned land d'avaler quelques gorgées d'eau mer —comme dites ned a propos dis-je essayant prendre dégagé capitaine nemo est-ce peur requins brave ned —moi répondit canadien harponneur profession c'est métier moquer d'eux —il s'agit dis-je pêcher émerillon hisser pont d'un navire couper queue coups hache ouvrir ventre arracher cœur jeter mer —alors s'agit ... —oui précisément —dans l'eau —dans l'eau —ma foi bon harpon savez monsieur requins bêtes assez mal façonnées faut qu'elles retournent ventre happer pendant temps ... » ned land manière prononcer mot « happer » donnait froid dos « eh bien conseil penses-tu squales —moi dit conseil franc monsieur —a bonne heure pensai-je —si monsieur affronte requins dit conseil vois pourquoi fidèle domestique affronterait »
26,Chapter 27,iii perle dix millions nuit arriva couchai dormis assez mal squales jouèrent rôle important rêves trouvai très-juste très-injuste fois cette étymologie fait venir mot requin mot « requiem. » lendemain quatre heures matin réveillé stewart capitaine nemo spécialement mis service levai rapidement m'habillai passai salon capitaine nemo attendait « monsieur aronnax dit-il êtes-vous prêt partir —je prêt —veuillez suivre —et compagnons capitaine —ils prévenus attendent —n'allons-nous revêtir scaphandres demandai-je —pas encore n'ai laissé _nautilus_ approcher trop près cette côte assez large banc manaar j'ai fait parer canot conduira point précis débarquement épargnera assez long trajet emporte appareils plongeurs revêtirons moment où commencera cette exploration sous-marine. » capitaine nemo conduisit vers l'escalier central dont marches aboutissaient plate-forme ned conseil trouvaient là enchantés « partie plaisir » préparait cinq matelots _nautilus_ avirons armés attendaient canot bossé contre bord nuit encore obscure plaques nuages couvraient ciel laissaient apercevoir rares étoiles portai yeux côté terre vis qu'une ligne trouble fermait trois quarts l'horizon sud-ouest nord-ouest _nautilus_ remonté pendant nuit côte occidentale ceylan trouvait l'ouest baie plutôt golfe formé cette terre l'île manaar là sous sombres eaux s'étendait banc pintadines inépuisable champ perles dont longueur dépasse vingt milles capitaine nemo conseil ned land prîmes place l'arrière canot patron l'embarcation mit barre quatre compagnons appuyèrent leurs avirons bosse larguée débordâmes canot dirigea vers sud nageurs pressaient j'observai leurs coups d'aviron vigoureusement engagés sous l'eau succédaient dix secondes dix secondes suivant méthode généralement usitée marines guerre tandis l'embarcation courait erre gouttelettes liquides frappaient crépitant fond noir flots comme bavures plomb fondu petite houle venue large imprimait canot léger roulis quelques crêtes lames clapotaient avant silencieux a quoi songeait capitaine nemo peut-être cette terre dont s'approchait qu'il trouvait trop près contrairement l'opinion canadien auquel semblait encore trop éloignée quant conseil là simple curieux vers cinq heures demie premières teintes l'horizon accusèrent plus nettement ligne supérieure côte assez plate l'est renflait peu vers sud cinq milles séparaient encore rivage confondait eaux brumeuses entre mer déserte bateau plongeur solitude profonde lieu rendez-vous pêcheurs perles ainsi capitaine nemo l'avait fait observer arrivions mois trop tôt parages a six heures jour fit subitement cette rapidité particulière régions tropicales connaissent ni l'aurore ni crépuscule rayons solaires percèrent rideau nuages amoncelés l'horizon oriental l'astre radieux s'éleva rapidement vis distinctement terre quelques arbres épars çà là canot s'avança vers l'île manaar s'arrondissait sud capitaine nemo s'était levé banc observait mer signe l'ancre mouillée chaîne courut peine car fond n'était plus d'un mètre formait cet endroit l'un plus hauts points banc pintadines canot évita aussitôt sous poussée jusant portait large « voici arrivés monsieur aronnax dit alors capitaine nemo voyez cette baie resserrée c'est ici mois réuniront nombreux bateaux pêche exploitants eaux leurs plongeurs iront audacieusement fouiller cette baie heureusement disposée genre pêche abritée vents plus forts mer jamais très-houleuse circonstance très-favorable travail plongeurs allons maintenant revêtir scaphandres commencerons promenade. » répondis rien tout regardant flots suspects aidé matelots l'embarcation commençai revêtir lourd vêtement mer capitaine nemo deux compagnons s'habillaient aussi aucun hommes _nautilus_ devait accompagner cette nouvelle excursion bientôt emprisonnés jusqu'au cou vêtement caoutchouc bretelles fixèrent dos appareils air quant appareils ruhmkorff n'en question avant d'introduire tête capsule cuivre j'en fis l'observation capitaine « appareils inutiles répondit capitaine n'irons grandes profondeurs rayons solaires suffiront éclairer marche d'ailleurs n'est prudent d'emporter sous eaux lanterne électrique éclat pourrait attirer inopinément quelque dangereux habitant parages. » pendant capitaine nemo prononçait paroles retournai vers conseil ned land deux amis déjà emboîté tête calotte métallique pouvaient ni entendre ni répondre illustration ned land brandissait énorme harpon page 224 dernière question restait adresser capitaine nemo « armes demandai-je fusils —des fusils quoi bon montagnards n'attaquent-ils l'ours poignard main l'acier n'est-il plus sûr plomb voici lame solide passez-la ceinture partons. » regardai compagnons armés comme plus ned land brandissait énorme harpon qu'il déposé canot avant quitter _nautilus_ puis suivant l'exemple capitaine laissai coiffer pesante sphère cuivre réservoirs air immédiatement mis activité illustration m'approchai mollusque phénoménal page 228 instant après matelots l'embarcation débarquaient uns après autres mètre demi d'eau prenions pied sable uni capitaine nemo fit signe main suivîmes pente douce disparûmes sous flots là idées obsédaient cerveau m'abandonnèrent redevins étonnamment calme facilité mouvements accrut confiance l'étrangeté spectacle captiva imagination soleil envoyait déjà sous eaux clarté suffisante moindres objets restaient perceptibles après dix minutes marche cinq mètres d'eau terrain devenait peu près plat comme compagnies bécassines marais levaient volées poissons curieux genre monoptères dont sujets n'ont d'autre nageoire celle queue reconnus javanais véritable serpent long huit décimètres ventre livide l'on confondrait facilement congre sans lignes d'or flancs genre stromatées dont corps très-comprimé ovale j'observai parus couleurs éclatantes portant comme faux nageoire dorsale poissons comestibles séchés marinés forment mets excellent connu sous nom _karawade_ puis tranquebars appartenant genre apsiphoroïdes dont corps recouvert d'une cuirasse écailleuse huit pans longitudinaux cependant l'élévation progressive soleil éclairait plus plus masse eaux sol changeait peu peu sable fin succédait véritable chaussée rochers arrondis revêtus d'un tapis mollusques zoophytes parmi échantillons deux embranchements remarquai placènes valves minces inégales sorte d'ostracées particulières mer rouge l'océan indien lucines orangées coquille orbiculaire tarières subulées quelques-unes pourpres persiques fournissaient _nautilus_ teinture admirable rochers cornus longs quinze centimètres dressaient sous flots comme mains prêtes saisir turbinelles cornigères toutes hérissées d'épines lingules hyantes anatines coquillages comestibles alimentent marchés l'hindoustan pélagies panopyres légèrement lumineuses enfin d'admirables oculines flabelliformes magnifiques éventails forment l'une plus riches arborisations mers milieu plantes vivantes sous berceaux d'hydrophytes couraient gauches légions d'articulés particulièrement ranines dentées dont carapace représente triangle peu arrondi birgues spéciales parages parthenopes horribles dont l'aspect répugnait regards animal non moins hideux rencontrai plusieurs fois crabe énorme observé m. darwin auquel nature a donné l'instinct force nécessaire nourrir noix cocos grimpe arbres rivage fait tomber noix fend chute l'ouvre puissantes pinces ici sous flots clairs crabe courait agilité sans pareille tandis chélonées franches cette espèce fréquente côtes malabar déplaçaient lentement entre roches ébranlées vers sept heures arpentions enfin banc pintadines lequel huîtres perlières reproduisent millions mollusques précieux adhéraient rocs fortement attachés byssus couleur brune permet déplacer quoi huîtres inférieures moules elles-mêmes auxquelles nature a refusé toute faculté locomotion pintadine _meleagrina_ mère perle dont valves peu près égales présente sous forme d'une coquille arrondie épaisses parois très-rugueuses l'extérieur quelques-unes coquilles feuilletées sillonnées bandes verdâtres rayonnaient sommet elles appartenaient jeunes huîtres autres surface rude noire vieilles dix ans plus mesuraient jusqu quinze centimètres largeur capitaine nemo montra main cet amoncellement prodigieux pintadines compris cette mine véritablement inépuisable car force créatrice nature l'emporte l'instinct destructif l'homme ned land fidèle cet instinct hâtait d'emplir plus beaux mollusques filet qu'il portait côté pouvions arrêter fallait suivre capitaine semblait diriger sentiers connus seul sol remontait sensiblement parfois bras j'élevais dépassait surface mer puis niveau banc rabaissait capricieusement souvent tournions hauts rocs effilés pyramidions leurs sombres anfractuosités gros crustacés pointés leurs hautes pattes comme machines guerre regardaient leurs yeux fixes sous pieds rampaient myrianes glycères aricies annélides allongeaient démesurément leurs antennes leurs cyrrhes tentaculaires moment s'ouvrit devant vaste grotte creusée pittoresque entassement rochers tapissés toutes hautes-lisses flore sous-marine d'abord cette grotte parut profondément obscure rayons solaires semblaient éteindre dégradations successives vague transparence n'était plus lumière noyée capitaine nemo entra après yeux s'accoutumèrent bientôt ténèbres relatives distinguai retombées si capricieusement contournées voûte supportaient piliers naturels largement assis base granitique comme lourdes colonnes l'architecture toscane pourquoi incompréhensible guide entraînait-il fond cette crypte sous-marine j'allais savoir avant peu après avoir descendu pente assez raide pieds foulèrent fond d'une sorte puits circulaire là capitaine nemo s'arrêta main indiqua objet n'avais encore aperçu c'était huître dimension extraordinaire tridacne gigantesque bénitier contenu lac d'eau sainte vasque dont largeur dépassait deux mètres conséquemment plus grande celle ornait salon _nautilus_ m'approchai mollusque phénoménal byssus adhérait table granit là développait isolément eaux calmes grotte j'estimai poids cette tridacne trois cents kilogrammes or telle huître contient quinze kilos chair faudrait l'estomac d'un gargantua absorber quelques douzaines capitaine nemo connaissait évidemment l'existence bivalve n'était première fois qu'il visitait pensais qu'en conduisant cet endroit voulait seulement montrer curiosité naturelle trompais capitaine nemo intérêt particulier constater l'état actuel cette tridacne deux valves mollusque entr'ouvertes capitaine s'approcha introduisit poignard entre coquilles empêcher rabattre puis main souleva tunique membraneuse frangée bords formait manteau l'animal là entre plis foliacés vis perle libre dont grosseur égalait celle d'une noix cocotier forme globuleuse limpidité parfaite orient admirable faisaient bijou d'un inestimable prix emporté curiosité j'étendais main saisir peser palper capitaine m'arrêta fit signe négatif retirant poignard mouvement rapide laissa deux valves refermer subitement compris alors quel dessein capitaine nemo laissant cette perle enfouie sous manteau tridacne permettait s'accroître insensiblement chaque année sécrétion mollusque ajoutait nouvelles couches concentriques seul capitaine connaissait grotte où « mûrissait » cet admirable fruit nature seul l'élevait ainsi dire afin transporter jour précieux musée peut-être suivant l'exemple chinois indiens avait-il déterminé production cette perle introduisant sous plis mollusque quelque morceau verre métal s'était peu peu recouverte matière nacrée tout cas comparant cette perle celles connaissais déjà celles brillaient collection capitaine j'estimai valeur dix millions francs moins superbe curiosité naturelle non bijou luxe car sais quelles oreilles féminines pu supporter visite l'opulente tridacne terminée capitaine nemo quitta grotte remontâmes banc pintadines milieu eaux claires troublait encore travail plongeurs marchions isolément véritables flâneurs chacun s'arrêtant s'éloignant gré fantaisie compte n'avais plus aucun souci dangers imagination exagérés si ridiculement haut-fond rapprochait sensiblement surface mer bientôt mètre d'eau tête dépassa niveau océanique conseil rejoignit collant grosse capsule mienne fit yeux salut amical plateau élevé mesurait quelques toises bientôt fumes rentrés élément crois avoir maintenant droit qualifier ainsi dix minutes après capitaine nemo s'arrêtait soudain crus qu'il faisait halte retourner non d'un geste ordonna blottir près fond d'une large anfractuosité main dirigea vers point masse liquide regardai attentivement a cinq mètres ombre apparut s'abaissa jusqu'au sol l'inquiétante idée requins traversa esprit trompais cette fois encore n'avions affaire monstres l'océan c'était homme homme vivant indien noir pêcheur pauvre diable sans doute venait glaner avant récolte j'apercevais fonds canot mouillé quelques pieds au-dessus tête plongeait remontait successivement pierre taillée pain sucre qu'il serrait pied tandis qu'une corde rattachait bateau servait descendre plus rapidement fond mer c'était là tout outillage arrivé sol cinq mètres profondeur environ précipitait genoux remplissait sac pintadines ramassées hasard puis remontait vidait sac ramenait pierre recommençait opération durait trente secondes plongeur voyait l'ombre rocher dérobait regards d'ailleurs comment pauvre indien aurait-il jamais supposé hommes êtres semblables là sous eaux épiant mouvements perdant aucun détail pêche plusieurs fois remonta ainsi plongea nouveau rapportait plus d'une dizaine pintadines chaque plongée car fallait arracher banc auquel elles s'accrochaient robuste byssus combien huîtres privées perles lesquelles risquait vie l'observais attention profonde manœuvre faisait régulièrement pendant demi-heure aucun danger parut menacer familiarisais donc spectacle cette pêche intéressante quand tout d'un coup moment où l'indien agenouillé sol vis faire geste d'effroi relever prendre élan remonter surface flots compris épouvante ombre gigantesque apparaissait au-dessus malheureux plongeur c'était requin grande taille s'avançait diagonalement l'œil feu mâchoires ouvertes j'étais muet d'horreur incapable faire mouvement vorace animal d'un vigoureux coup nageoire s'élança vers l'indien jeta côté évita morsure requin non battement queue car cette queue frappant poitrine l'étendit sol cette scène duré quelques secondes peine requin revint retournant dos s'apprêtait couper l'indien deux quand sentis capitaine nemo posté près lever subitement puis poignard main marcha droit monstre prêt lutter corps corps squale moment où allait happer malheureux pêcheur aperçut nouvel adversaire replaçant ventre dirigea rapidement vers vois encore pose capitaine nemo replié lui-même attendait admirable sang-froid formidable squale lorsque celui-ci précipita capitaine jetant côté prestesse prodigieuse évita choc enfonça poignard ventre tout n'était dit combat terrible s'engagea requin rugi ainsi dire sang sortait flots blessures mer teignit rouge travers liquide opaque vis plus rien plus rien jusqu'au moment où éclaircie j'aperçus l'audacieux capitaine cramponné l'une nageoires l'animal luttant corps corps monstre labourant coups poignards ventre ennemi sans pouvoir toutefois porter coup définitif c'est-à-dire l'atteindre plein cœur squale débattant agitait masse eaux furie remous menaçait renverser j'aurais voulu courir secours capitaine cloué l'horreur pouvais remuer regardais l'œil hagard voyais phases lutte modifier capitaine tomba sol renversé masse énorme pesait puis mâchoires requin s'ouvrirent démesurément comme cisaille d'usine c'en fait capitaine si prompt comme pensée harpon main ned land précipitant vers requin l'eût frappé terrible pointe flots s'imprégnèrent d'une masse sang s'agitèrent sous mouvements squale battait indescriptible fureur ned land n'avait manqué but c'était râle monstre frappé cœur débattait spasmes épouvantables dont contre-coup renversa conseil cependant ned land dégagé capitaine celui-ci relevé sans blessures alla droit l'indien coupa vivement corde liait pierre prit bras d'un vigoureux coup talon remonta surface mer suivîmes tous trois quelques instants miraculeusement sauvés atteignions l'embarcation pêcheur premier soin capitaine nemo rappeler malheureux vie savais s'il réussirait l'espérais car l'immersion pauvre diable n'avait longue coup queue requin pouvait l'avoir frappé mort heureusement sous vigoureuses frictions conseil capitaine vis peu peu noyé revenir sentiment ouvrit yeux quelle dut être surprise épouvante voir quatre grosses têtes cuivre penchaient surtout dut-il penser quand capitaine nemo tirant d'une poche vêtement sachet perles mis main cette magnifique aumône l'homme eaux pauvre indien ceyland acceptée celui-ci d'une main tremblante yeux effarés indiquaient reste qu'il savait quels êtres surhumains devait fois fortune vie signe capitaine regagnâmes banc pintadines suivant route déjà parcourue après demi-heure marche rencontrions l'ancre rattachait sol canot _nautilus_ fois embarqués chacun l'aide matelots débarrassa lourde carapace cuivre première parole capitaine nemo canadien « merci maître land dit-il —c'est revanche capitaine répondit ned land devais cela. » pâle sourire glissa lèvres capitaine tout « _nautilus_ » dit-il l'embarcation vola flots quelques minutes plus tard rencontrions cadavre requin flottait illustration combat terrible s'engagea page 230 a couleur noire marquant l'extrémité nageoires reconnus terrible mélanoptère mer indes l'espèce requins proprement dits longueur dépassait vingt-cinq pieds bouche énorme occupait tiers corps c'était adulte voyait six rangées dents disposées triangles isocèles mâchoire supérieure conseil regardait intérêt tout scientifique sûr qu'il rangeait non sans raison classe cartilagineux ordre chondroptérygiens branchies fixes famille sélaciens genre squales pendant considérais cette masse inerte douzaine voraces mélanoptères apparut tout d'un coup autour l'embarcation sans préoccuper jetèrent cadavre s'en disputèrent lambeaux illustration pans rochers recouverts d'une fourrure d'algues page 237 a huit heures demie retour bord _nautilus_ là pris réfléchir incidents excursion banc manaar deux observations s'en dégageaient inévitablement l'une portant l'audace sans pareille capitaine nemo l'autre dévouement être humain l'un représentants cette race qu'il fuyait sous mers quoi qu'il dît cet homme étrange n'était parvenu encore tuer cœur tout entier lorsque fis cette observation répondit d'un légèrement ému « cet indien monsieur professeur c'est habitant pays opprimés encore jusqu dernier souffle pays-là »
27,Chapter 28,iv mer rouge pendant journée 29 janvier l'île ceyland disparut sous l'horizon _nautilus_ vitesse vingt milles l'heure glissa labyrinthe canaux séparent maledives laquedives rangea l'île kittan terre d'origine madréporique découverte vasco gama 1499 l'une dix-neuf principales îles cet archipel laquedives situé entre 10° 14°30′ latitude nord 69° 50° 72′ longitude fait alors seize mille deux cent vingt milles sept mille cinq cents lieues depuis point départ mers japon lendemain —30 janvier —lorsque _nautilus_ remonta surface l'océan n'avait plus aucune terre vue faisait route nord-nord-ouest dirigeait vers cette mer d'oman creusée entre l'arabie péninsule indienne sert débouché golfe persique c'était évidemment impasse sans issue possible où conduisait donc capitaine nemo n'aurais pu dire satisfit canadien jour-là demanda où allions « allons maître ned où conduit fantaisie capitaine —cette fantaisie répondit canadien peut mener loin golfe persique a d'issue si entrons tarderons guère revenir —eh bien reviendrons maître land si après golfe persique _nautilus_ veut visiter mer rouge détroit babel-mandeb toujours là livrer passage —je apprendrai monsieur répondit ned land mer rouge non moins fermée golfe puisque l'isthme suez n'est encore percé fût-il bateau mystérieux comme nôtre hasarderait canaux coupés d'écluses donc mer rouge n'est encore chemin ramènera europe —aussi n'ai-je dit reviendrions europe —que supposez-vous donc —je suppose qu'après avoir visité curieux parages l'arabie l'égypte _nautilus_ redescendra l'océan indien peut-être travers canal mozambique peut-être large mascareignes manière gagner cap bonne-espérance —et fois cap bonne-espérance demanda canadien insistance toute particulière —eh bien pénétrerons cet atlantique connaissons encore ah çà ami ned fatiguez donc voyage sous mers blasez donc spectacle incessamment varié merveilles sous-marines compte verrai extrême dépit finir voyage qu'il donné si peu d'hommes faire —mais savez-vous monsieur aronnax répondit canadien voilà bientôt trois mois emprisonnés bord _nautilus_ —non ned sais veux savoir compte ni jours ni heures —mais conclusion —la conclusion viendra temps d'ailleurs pouvons rien discutons inutilement si veniez dire brave ned « chance d'évasion offerte » discuterais tel n'est cas parler franchement crois capitaine nemo s'aventure jamais mers européennes. » court dialogue verra fanatique _nautilus_ j'étais incarné peau commandant quant ned land termina conversation mots forme monologue « tout cela bel bon avis où a gêne a plus plaisir. » pendant quatre jours jusqu'au 3 février _nautilus_ visita mer d'oman sous diverses vitesses diverses profondeurs semblait marcher hasard comme s'il hésité route suivre dépassa jamais tropique cancer quittant cette mer instant connaissance mascate plus importante ville pays d'oman j'admirai aspect étrange milieu noirs rochers l'entourent lesquels détachent blanc maisons forts j'aperçus dôme arrondi mosquées pointe élégante minarets fraîches verdoyantes terrasses qu'une vision _nautilus_ s'enfonça bientôt sous flots sombres parages puis prolongea distance six milles côtes arabiques mahrah l'hadramant ligne ondulée montagnes relevée quelques ruines anciennes 5 février donnions enfin golfe d'aden véritable entonnoir introduit goulot babel-mandeb entonne eaux indiennes mer rouge 6 février _nautilus_ flottait vue d'aden perché promontoire qu'un isthme étroit réunit continent sorte gibraltar inaccessible dont anglais refait fortifications après s'en être emparés 1839 j'entrevis minarets octogones cette ville autrefois l'entrepôt plus riche plus commerçant côte dire l'historien edrisi croyais bien capitaine nemo parvenu point allait revenir arrière trompais grande surprise n'en rien lendemain 7 février embouquions détroit babel-mandeb dont nom veut dire langue arabe « porte larmes. » vingt milles large compte cinquante-deux kilomètres long _nautilus_ lancé toute vitesse franchir l'affaire d'une heure peine vis rien cette île périm dont gouvernement britannique a fortifié position d'aden trop steamers anglais français lignes suez bombay calcutta melbourne bourbon maurice sillonnaient cet étroit passage _nautilus_ tentât montrer aussi tint-il prudemment entre deux eaux enfin midi sillonnions flots mer rouge mer rouge lac célèbre traditions bibliques pluies rafraîchissent guère qu'aucun fleuve important n'arrose qu'une excessive évaporation pompe incessamment perd chaque année tranche liquide haute d'un mètre demi singulier golfe fermé conditions d'un lac peut-être entièrement desséché inférieur ceci voisines caspienne l'asphaltite dont niveau a seulement baissé jusqu'au point où évaporation a précisément égalé somme eaux reçues sein cette mer rouge a deux mille six cents kilomètres longueur largeur moyenne deux cent quarante temps ptolémées empereurs romains grande artère commerciale monde percement l'isthme rendra cette antique importance railways suez déjà ramenée partie voulus chercher comprendre caprice capitaine nemo pouvait décider entraîner golfe j'approuvai sans réserve _nautilus_ être entré prit allure moyenne tantôt tenant surface tantôt plongeant éviter quelque navire pus observer ainsi dedans dessus cette mer si curieuse 8 février dès premières heures jour moka apparut ville maintenant ruinée dont murailles tombent seul bruit canon qu'abritent çà là quelques dattiers verdoyants cité importante autrefois renfermait six marchés publics vingt-six mosquées laquelle murs défendus quatorze forts faisaient ceinture trois kilomètres puis _nautilus_ rapprocha rivages africains où profondeur mer plus considérable là entre deux eaux d'une limpidité cristal panneaux ouverts permit contempler d'admirables buissons coraux éclatants vastes pans rochers revêtus d'une splendide fourrure verte d'algues fucus quel indescriptible spectacle quelle variété sites paysages l'arasement écueils îlots volcaniques confinent côte lybienne où arborisations apparurent toute beauté vers rives orientales _nautilus_ tarda rallier côtes téhama car alors non-seulement étalages zoophytes fleurissaient au-dessous niveau mer formaient aussi entrelacements pittoresques déroulaient dix brasses au-dessus ceux-ci plus capricieux moins colorés ceux-là dont l'humide vitalité eaux entretenait fraîcheur d'heures charmantes passai ainsi vitre salon d'échantillons nouveaux flore faune sous-marine j'admirai sous l'éclat fanal électrique fongies agariciformes actinies couleur ardoisée entre autres _thalassianthus aster_ tubipores disposés comme flûtes n'attendant souffle dieu pan coquilles particulières cette mer s'établissent excavations madréporiques dont base contournée courte spirale enfin mille spécimens d'un polypier n'avais observé encore vulgaire éponge classe spongiaires première groupe polypes a précisément créée curieux produit dont l'utilité incontestable l'éponge n'est point végétal comme l'admettent encore quelques naturalistes animal dernier ordre polypier inférieur celui corail animalité n'est douteuse peut adopter l'opinion anciens regardaient comme être intermédiaire entre plante l'animal dois dire cependant naturalistes d'accord mode d'organisation l'éponge uns c'est polypier d'autres tels m. milne edwards c'est individu isolé unique classe spongiaires contient environ trois cents espèces rencontrent grand nombre mers certains cours d'eau où elles reçu nom « fluviatiles. » leurs eaux prédilection celles méditerranée l'archipel grec côte syrie mer rouge là reproduisent développent éponges fines-douces dont valeur s'élève jusqu cent cinquante francs l'éponge blonde syrie l'éponge dure barbarie etc puisque pouvais espérer d'étudier zoophytes échelles levant dont séparés l'infranchissable isthme suez contentai observer eaux mer rouge j'appelai donc conseil près pendant _nautilus_ profondeur moyenne huit neuf mètres rasait lentement tous beaux rochers côte orientale là croissaient éponges toutes formes éponges pédiculées foliacées globuleuses digitées elles justifiaient assez exactement noms corbeilles calices quenouilles cornes d'élan pied lion queue paon gant neptune attribué pêcheurs plus poëtes savants tissu fibreux enduit d'une substance gélatineuse demi-fluide s'échappaient incessamment petits filets d'eau après avoir porté vie chaque cellule expulsés mouvement contractile cette substance disparaît après mort polype putréfie dégageant l'ammoniaque reste plus alors fibres cornées gélatineuses dont compose l'éponge domestique prend teinte roussâtre s'emploie usages divers selon degré d'élasticité perméabilité résistance macération polypiers adhéraient rochers coquilles mollusques tiges d'hydrophytes garnissaient plus petites anfractuosités uns s'étalant autres dressant pendant comme excroissances coralligènes j'appris conseil éponges pêchaient deux manières drague main cette dernière méthode nécessite l'emploi plongeurs préférable car respectant tissu polypier laisse valeur très-supérieure autres zoophytes pullulaient auprès spongiaires consistaient principalement méduses d'une espèce très-élégante mollusques représentés variétés calmars d'après d'orbigny spéciales mer rouge reptiles tortues _virgata_ appartenant genre chélonées fournirent table mets sain délicat quant poissons nombreux souvent remarquables voici ceux filets _nautilus_ rapportaient plus fréquemment bord raies parmi lesquelles limmes forme ovale couleur brique corps semé d'inégales taches bleues reconnaissables double aiguillon dentelé arnacks dos argenté pastenaques queue pointillée bockats vastes manteaux longs deux mètres ondulaient entre eaux aodons absolument dépourvus dents sortes cartilagineux rapprochent squale ostracions-dromadaires dont bosse termine aiguillon recourbé long d'un pied demi ophidies véritables murènes queue argentée dos bleuâtre pectorales brunes bordées d'un liseré gris fiatoles espèces stromatées zébrés d'étroites raies d'or parés trois couleurs france blémies-garamits longs quatre décimètres superbes caranx décorés sept bandes transversales d'un beau noir nageoires bleues jaunes d'écailles d'or d'argent centropodes mulles auriflammes tête jaune scares labres balistes gobies etc. mille autres poissons communs océans déjà traversés 9 février _nautilus_ flottait cette partie plus large mer rouge comprise entre souakin côte ouest quonfodah côte diamètre cent quatre-vingt dix milles jour-là midi après point capitaine nemo monta plateforme où trouvais promis point laisser redescendre sans l'avoir moins pressenti projets ultérieurs vint dès qu'il m'aperçut m'offrit gracieusement cigare dit « eh bien monsieur professeur cette mer rouge plaît-elle avez-vous suffisamment observé merveilles qu'elle recouvre poissons zoophytes parterres d'éponges forêts corail avez-vous entrevu villes jetées bords —oui capitaine nemo répondis-je _nautilus_ s'est merveilleusement prêté toute cette étude ah c'est intelligent bateau —oui monsieur intelligent audacieux invulnérable redoute ni terribles tempêtes mer rouge ni courants ni écueils —en effet dis-je cette mer citée entre plus mauvaises si trompe temps anciens renommée détestable —détestable monsieur aronnax historiens grecs latins n'en parlent avantage strabon dit qu'elle particulièrement dure l'époque vents etésiens saison pluies l'arabe edrisi dépeint sous nom golfe colzoum raconte navires périssaient grand nombre bancs sable personne hasardait naviguer nuit c'est prétend-il mer sujette d'affreux ouragans semée d'îles inhospitalières « n'offre rien bon » ni profondeurs ni surface effet telle l'opinion trouve arrien agatharchide artémidore illustration pêche éponges page 238 —on voit bien répliquai-je historiens n'ont navigué bord _nautilus_ —en effet répondit souriant capitaine sous rapport modernes plus avancés anciens a fallu bien siècles trouver puissance mécanique vapeur sait si cent ans verra second _nautilus_ progrès lents monsieur aronnax —c'est vrai répondis-je navire avance d'un siècle plusieurs peut-être époque quel malheur qu'un secret pareil doive mourir inventeur » capitaine nemo répondit après quelques minutes silence illustration quelques cabanes bois roseaux page 246 « parliez dit-il l'opinion anciens historiens dangers qu'offre navigation mer rouge —c'est vrai répondis-je leurs craintes n'étaient-elles exagérées —oui non monsieur aronnax répondit capitaine nemo parut posséder fond « mer rouge. » n'est plus dangereux navire moderne bien gréé solidement construit maître direction grâce l'obéissante vapeur offrait périls toutes sortes bâtiments anciens faut représenter premiers navigateurs s'aventurant barques faites planches cousues cordes palmier calfatées résine pilée enduites graisse chiens mer n'avaient d'instruments relever direction marchaient l'estime milieu courants qu'ils connaissaient peine conditions naufrages devaient être nombreux temps steamers font service entre suez mers sud n'ont plus rien redouter colères golfe dépit moussons contraires leurs capitaines leurs passagers préparent départ sacrifices propitiatoires retour vont plus ornés guirlandes bandelettes dorées remercier dieux temple voisin —j'en conviens dis-je vapeur paraît avoir tué reconnaissance cœur marins capitaine puisque semblez avoir spécialement étudié cette mer pouvez-vous m'apprendre quelle l'origine nom —il existe monsieur aronnax nombreuses explications sujet voulez-vous connaître l'opinion d'un chroniqueur xive siècle —volontiers —ce fantaisiste prétend nom donné après passage israélites lorsque pharaon péri flots refermèrent voix moïse signe cette merveille devint mer rouge vermeille non puis surent nommer autrement rouge mer —explication poëte capitaine nemo répondis-je saurais m'en contenter demanderai donc opinion personnelle —la voici suivant monsieur aronnax faut voir cette appellation mer rouge traduction mot hébreu « edrom » si anciens donnèrent nom cause coloration particulière eaux —jusqu'ici cependant n'ai vu flots limpides sans aucune teinte particulière —sans doute avançant vers fond golfe remarquerez cette singulière apparence rappelle avoir vu baie tor entièrement rouge comme lac sang —et cette couleur l'attribuez présence d'une algue microscopique —oui c'est matière mucilagineuse pourpre produite chétives plantules connues sous nom _trichodesmies_ dont faut quarante mille occuper l'espace d'un millimètre carré peut-être rencontrerez-vous quand tor —ainsi capitaine nemo n'est première fois parcourez mer rouge bord _nautilus_ —non monsieur —alors puisque parliez plus haut passage israélites catastrophe égyptiens demanderai si reconnu sous eaux traces grand fait historique —non monsieur professeur cela excellente raison —laquelle —c'est l'endroit où moïse a passé tout peuple tellement ensablé maintenant chameaux peuvent peine baigner jambes comprenez _nautilus_ n'aurait assez d'eau —et cet endroit ... demandai-je —cet endroit situé peu au-dessus suez bras formait autrefois profond estuaire alors mer rouge s'étendait jusqu'aux lacs amers maintenant passage miraculeux non israélites n'en moins passé là gagner terre promise l'armée pharaon a précisément péri cet endroit pense donc fouilles pratiquées milieu sables mettraient découvert grande quantité d'armes d'instruments d'origine égyptienne —c'est évident répondis-je faut espérer archéologues fouilles feront tôt tard lorsque villes nouvelles s'établiront cet isthme après percement canal suez canal bien inutile navire tel _nautilus_ —sans doute utile monde entier dit capitaine nemo anciens bien compris cette utilité leurs affaires commerciales d'établir communication entre mer rouge méditerranée songèrent point creuser canal direct prirent nil intermédiaire très-probablement canal réunissait nil mer rouge commencé sous sésostris si l'on croit tradition certain c'est 615 ans avant jésus-christ necos entreprit travaux d'un canal alimenté eaux nil travers plaine d'égypte regarde l'arabie canal remontait quatre jours largeur telle deux trirèmes pouvaient passer front continué darius fils d'hytaspe probablement achevé ptolémée ii strabon vit employé navigation faiblesse pente entre point départ près bubaste mer rouge rendait navigable pendant quelques mois l'année canal servit commerce jusqu'au siècle antonins abandonné ensablé puis rétabli ordres calife omar définitivement comblé 761 762 calife al-mansor voulut empêcher vivres d'arriver mohammed-ben-abdoallah révolté contre pendant l'expédition d'égypte général bonaparte retrouva traces travaux désert suez surpris marée faillit périr quelques heures avant rejoindre hadjaroth là où moïse campé trois mille trois cents ans avant —eh bien capitaine anciens n'avaient osé entreprendre cette jonction entre deux mers abrégera neuf mille kilomètres route cadix indes m. lesseps a fait avant peu changé l'afrique île immense —oui monsieur aronnax droit d'être fier compatriote c'est homme honore plus nation plus grands capitaines a commencé comme tant d'autres ennuis rebuts a triomphé car a génie volonté triste penser cette œuvre dû être œuvre internationale suffi illustrer règne n'aura réussi l'énergie d'un seul homme donc honneur m. lesseps —oui honneur grand citoyen répondis-je tout surpris l'accent lequel capitaine nemo venait parler —malheureusement reprit-il puis conduire travers canal suez pourrez apercevoir longues jetées port-saïd après-demain quand méditerranée —dans méditerranée m'écriai-je —oui monsieur professeur cela étonne —ce m'étonne c'est penser après-demain —vraiment —oui capitaine bien dusse être habitué m'étonner rien depuis bord —mais quel propos cette surprise —a propos l'effroyable vitesse forcé d'imprimer _nautilus_ s'il doit retrouver après-demain pleine méditerranée fait tour l'afrique doublé cap bonne-espérance —et dit qu'il fera tour l'afrique monsieur professeur parle doubler cap bonne-espérance —cependant moins _nautilus_ navigue terre ferme qu'il passe par-dessus l'isthme .... —ou par-dessous monsieur aronnax —par-dessous —sans doute répondit tranquillement capitaine nemo depuis longtemps nature a fait sous cette langue terre hommes font aujourd'hui surface —quoi existerait passage —oui passage souterrain j'ai nommé arabian-tunnel prend au-dessous suez aboutit golfe péluse —mais cet isthme n'est composé sables mouvants —jusqu certaine profondeur cinquante mètres seulement rencontre inébranlable assise roc —et c'est hasard découvert passage demandai-je plus plus surpris —hasard raisonnement monsieur professeur raisonnement plus hasard —capitaine écoute oreille résiste qu'elle entend —ah monsieur _aures habent non audient_ tous temps non seulement passage existe j'en profité plusieurs fois sans cela aventuré aujourd'hui cette impasse mer rouge —est-il indiscret demander comment découvert tunnel —monsieur répondit capitaine peut avoir rien secret entre gens doivent plus quitter. » relevai l'insinuation j'attendis récit capitaine nemo « monsieur professeur dit-il c'est simple raisonnement naturaliste a conduit découvrir passage seul connaître j'avais remarqué mer rouge méditerranée existait certain nombre poissons d'espèces absolument identiques ophidies fiatoles girelles persègues joels exocets certain fait demandai s'il n'existait communication entre deux mers si existait courant souterrain devait forcément aller mer rouge méditerranée seul effet différence niveaux pêchai donc grand nombre poissons environs suez passai queue anneau cuivre rejetai mer quelques mois plus tard côtes syrie reprenais quelques échantillons poissons ornés anneau indicateur communication entre deux m'était donc démontrée cherchai _nautilus_ découvris aventurai avant peu monsieur professeur aussi franchi tunnel arabique »
28,Chapter 29,v arabian-tunnel jour rapportai conseil ned land partie cette conversation intéressait directement lorsque appris deux jours milieu eaux méditerranée conseil battit mains canadien haussa épaules « tunnel sous-marin s'écria-t-il communication entre deux mers a jamais entendu parler cela —ami ned répondit conseil aviez-vous jamais entendu parler _nautilus_ non existe cependant donc haussez épaules si légèrement repoussez choses sous prétexte n'en jamais entendu parler —nous verrons bien riposta ned land secouant tête après tout demande mieux croire passage capitaine fasse ciel qu'il conduise effet méditerranée. » soir 21° 30′ latitude nord _nautilus_ flottant surface mer rapprocha côte arabe j'aperçus djeddah important comptoir l'égypte syrie turquie indes distinguai assez nettement l'ensemble constructions navires amarrés long quais ceux tirant d'eau obligeait mouiller rade soleil assez bas l'horizon frappait plein maisons ville faisait ressortir blancheur dehors quelques cabanes bois roseaux indiquaient quartier habité bédouins bientôt djeddah s'effaça ombres soir _nautilus_ rentra sous eaux légèrement phosphorescentes lendemain 10 février plusieurs navires apparurent couraient contre-bord _nautilus_ reprit navigation sous-marine midi moment point mer déserte remonta jusqu ligne flottaison accompagné ned conseil vins m'asseoir plate-forme côte l'est montrait comme masse peine estompée humide brouillard appuyés flancs canot causions choses d'autres quand ned land tendant main vers point mer dit « voyez-vous là quelque chose monsieur professeur —non ned répondis-je n'ai yeux savez —regardez bien reprit ned là tribord devant peu près hauteur fanal voyez masse semble remuer —en effet dis-je après attentive observation j'aperçois comme long corps noirâtre surface eaux —un autre _nautilus_ dit conseil —non répondit canadien trompe fort c'est là quelque animal marin —y a-t-il baleines mer rouge demanda conseil —oui garçon répondis-je rencontre quelquefois —ce n'est point baleine reprit ned land perdait yeux l'objet signalé baleines vieilles connaissances tromperais allure —attendons dit conseil _nautilus_ dirige côté avant peu saurons quoi tenir. » effet cet objet noirâtre bientôt mille ressemblait gros écueil échoué pleine mer qu'était-ce pouvais encore prononcer « ah marche plonge s'écria ned land mille diables quel peut être cet animal a queue bifurquée comme baleines cachalots nageoires ressemblent membres tronqués —mais alors .... fis-je —bon reprit canadien voilà dos dresse mamelles l'air —c'est sirène s'écria conseil véritable sirène n'en déplaise monsieur. » nom sirène mit voie compris cet animal appartenait cet ordre d'êtres marins dont fable a fait sirènes moitié femmes moitié poissons « non dis-je conseil n'est point sirène être curieux dont reste a peine quelques échantillons mer rouge c'est dugong —ordre syréniens groupe pisciformes sous-classe monodelphiens classe mammifères embranchement vertébrés » répondit conseil lorsque conseil ainsi parlé plus rien dire cependant ned land regardait toujours yeux brillaient convoitise vue cet animal main semblait prête harponner dit qu'il attendait moment jeter mer l'attaquer élément illustration « voyez-vous là quelque chose » page 246 « oh monsieur dit-il d'une voix tremblante d'émotion n'ai jamais tué « cela » tout harponneur mot cet instant capitaine nemo parut plate-forme aperçut dugong comprit l'attitude canadien s'adressant directement « si teniez harpon maître land est-ce qu'il brûlerait main —comme dites monsieur —et déplairait reprendre jour métier pêcheur d'ajouter cétacé liste ceux déjà frappés illustration gigantesque animal soulevait l'embarcation page 252 —cela déplairait point —eh bien pouvez essayer —merci monsieur répondit ned land dont yeux s'enflammèrent —seulement reprit capitaine engage manquer cet animal cela intérêt —est-ce dugong dangereux attaquer demandai-je malgré haussement d'épaule canadien —oui quelquefois répondit capitaine cet animal revient assaillants chavire embarcation maître land danger n'est craindre coup d'œil prompt bras sûr si recommande manquer dugong c'est qu'on regarde justement comme fin gibier sais maître land déteste bons morceaux —ah fit canadien cette bête-là donne aussi luxe d'être bonne manger —oui maître land chair viande véritable extrêmement estimée réserve toute malaisie table princes aussi fait-on cet excellent animal chasse tellement acharnée lamantin congénère devient plus plus rare —alors monsieur capitaine dit sérieusement conseil si hasard celui-ci dernier race conviendrait-il l'épargner —dans l'intérêt science —peut-être répliqua canadien l'intérêt cuisine vaut mieux donner chasse —faites donc maître land » répondit capitaine nemo moment sept hommes l'équipage muets impassibles comme toujours montèrent plate-forme l'un portait harpon ligne semblable celles qu'emploient pêcheurs baleines canot déponté arraché alvéole lancé mer six rameurs prirent place leurs bancs patron mit barre ned conseil assîmes l'arrière « venez capitaine demandai-je —non monsieur souhaite bonne chasse. » canot déborda enlevé six avirons dirigea rapidement vers dugong flottait alors deux milles _nautilus_ arrivé quelques encablures cétacé ralentit marche rames plongèrent sans bruit eaux tranquilles ned land harpon main alla placer debout l'avant canot harpon sert frapper baleine ordinairement attaché très-longue corde dévide rapidement lorsque l'animal blessé l'entraîne ici corde mesurait plus d'une dizaine brasses extrémité seulement frappée petit baril flottant devait indiquer marche dugong sous eaux m'étais levé j'observais distinctement l'adversaire canadien dugong porte aussi nom d'halicore ressemblait beaucoup lamantin corps oblong terminait caudale très-allongée nageoires latérales véritables doigts différence lamantin consistait mâchoire supérieure armée deux dents longues pointues formaient chaque côté défenses divergentes dugong ned land préparait attaquer dimensions colossales longueur dépassait moins sept mètres bougeait semblait dormir surface flots circonstance rendait capture plus facile canot s'approcha prudemment trois brasses l'animal avirons restèrent suspendus leurs dames levai demi ned land corps peu rejeté arrière brandissait harpon d'une main exercée soudain sifflement fit entendre dugong disparut harpon lancé force n'avait frappé l'eau sans doute « mille diables s'écria canadien furieux l'ai manqué —non dis-je l'animal blessé voici sang engin resté corps —mon harpon harpon » cria ned land matelots remirent nager patron dirigea l'embarcation vers baril flottant harpon repêché canot mit poursuite l'animal celui-ci revenait temps temps surface mer respirer blessure l'avait affaibli car filait rapidité extrême l'embarcation manœuvrée bras vigoureux volait traces plusieurs fois l'approcha quelques brasses canadien tenait prêt frapper dugong dérobait plongeon subit impossible l'atteindre juge colère surexcitait l'impatient ned land lançait malheureux animal plus énergiques jurons langue anglaise compte n'en encore qu'au dépit voir dugong déjouer toutes ruses poursuivit sans relâche pendant heure commençais croire qu'il très-difficile s'en emparer quand cet animal pris d'une malencontreuse idée vengeance dont repentir revint canot l'assaillir tour cette manœuvre n'échappa point canadien « attention » dit-il patron prononça quelques mots langue bizarre sans doute prévint hommes tenir garde dugong arrivé vingt pieds canot s'arrêta huma brusquement l'air vastes narines percées non l'extrémité partie supérieure museau puis prenant élan précipita canot put éviter choc demi renversé embarqua deux tonnes d'eau qu'il fallut vider grâce l'habileté patron abordé biais non plein chavira ned land cramponné l'étrave lardait coups harpon gigantesque animal dents incrustées plat-bord soulevait l'embarcation hors l'eau comme lion fait d'un chevreuil renversés uns autres sais trop comment fini l'aventure si canadien toujours acharné contre bête l'eût enfin frappée cœur j'entendis grincement dents tôle dugong disparut entraînant harpon bientôt baril revint surface peu d'instants après apparut corps l'animal retourné dos canot rejoignit prit remorque dirigea vers _nautilus_ fallut employer palans d'une grande puissance hisser dugong plate-forme pesait cinq mille kilogrammes dépeça sous yeux canadien tenait suivre tous détails l'opération jour stewart servit dîner quelques tranches cette chair habilement apprêtée cuisinier bord trouvai excellente supérieure celle veau sinon bœuf lendemain 11 février l'office _nautilus_ s'enrichit encore d'un gibier délicat compagnie d'hirondelles mer s'abattit _nautilus_ c'était espèce _sterna nilotica_ particulière l'égypte dont bec noir tête grise pointillée l'œil entouré points blancs dos ailes queue grisâtres ventre gorge blancs pattes rouges prit aussi quelques douzaines canards nil oiseaux sauvages d'un haut goût dont cou dessus tête blancs tachetés noir vitesse _nautilus_ alors modérée s'avançait flânant ainsi dire j'observai l'eau mer rouge devenait moins moins salée mesure approchions suez vers cinq heures soir relevions nord cap ras-mohammed c'est cap forme l'extrémité l'arabie pétrée comprise entre golfe suez golfe d'acabah _nautilus_ pénétra détroit jubal conduit golfe suez j'aperçus distinctement haute montagne dominant entre deux golfes ras-mohammed c'était mont oreb sinaï sommet duquel moïse vit dieu face face l'esprit figure incessamment couronné d'éclairs a six heures _nautilus_ tantôt flottant tantôt immergé passait large tor assise fond d'une baie dont eaux paraissaient teintées rouge observation déjà faite capitaine nemo puis nuit fit milieu d'un lourd silence rompaient parfois cri pélican quelques oiseaux nuit bruit ressac irrité rocs gémissement lointain d'un steamer battant eaux golfe pales sonores huit neuf heures _nautilus_ demeura quelques mètres sous eaux suivant calcul devions être très-près suez a travers panneaux salon j'apercevais fonds rochers vivement éclairés lumière électrique semblait détroit rétrécissait plus plus a neuf heures quart bateau revenu surface montai plate-forme très-impatient franchir tunnel capitaine nemo pouvais tenir place cherchais respirer l'air frais nuit bientôt l'ombre j'aperçus feu pâle demi-décoloré brume brillait mille « phare flottant » dit-on près retournai reconnus capitaine « c'est feu flottant suez reprit-il tarderons gagner l'orifice tunnel —l'entrée n'en doit être facile —non monsieur aussi j'ai habitude tenir cage timonier diriger moi-même manœuvre maintenant si voulez descendre monsieur aronnax _nautilus_ va s'enfoncer sous flots reviendra surface qu'après avoir franchi l'arabian-tunnel. » suivis capitaine nemo panneau ferma réservoirs d'eau s'emplirent l'appareil s'immergea d'une dizaine mètres moment où disposais regagner chambre capitaine m'arrêta « monsieur professeur dit-il plairait-il m'accompagner cage pilote —je n'osais demander répondis-je —venez donc verrez ainsi tout l'on peut voir cette navigation fois sous-terrestre sous-marine. » capitaine nemo conduisit vers l'escalier central a mi-rampe ouvrit porte suivit coursives supérieures arriva cage pilote sait s'élevait l'extrémité plate-forme c'était cabine mesurant six pieds chaque face peu près semblable celles qu'occupent timoniers steamboats mississipi l'hudson milieu manœuvrait roue disposée verticalement engrenée drosses gouvernail couraient jusqu l'arrière _nautilus_ quatre hublots verres lenticulaires évidés clans parois cabine permettaient l'homme barre regarder toutes directions cette cabine obscure bientôt yeux s'accoutumèrent cette obscurité j'aperçus pilote homme vigoureux dont mains s'appuyaient jantes roue dehors mer apparaissait vivement éclairée fanal rayonnait arrière cabine l'autre extrémité plate-forme « maintenant dit capitaine nemo cherchons passage. » fils électriques reliaient cage timonier chambre machines là capitaine pouvait communiquer simultanément _nautilus_ direction mouvement pressa bouton métal aussitôt vitesse l'hélice très-diminuée regardais silence haute muraille très-accore longions moment inébranlable base massif sableux côte suivîmes ainsi pendant heure quelques mètres distance seulement capitaine nemo quittait regard boussole suspendue cabine deux cercles concentriques simple geste timonier modifiait chaque instant direction _nautilus_ m'étais placé hublot bâbord j'apercevais magnifiques substructions coraux zoophytes algues crustacés agitant leurs pattes énormes s'allongeaient hors anfractuosités roc a dix heures quart capitaine nemo prit lui-même barre large galerie noire profonde s'ouvrait devant _nautilus_ engouffra hardiment bruissement inaccoutumé fit entendre flancs c'étaient eaux mer rouge pente tunnel précipitait vers méditerranée _nautilus_ suivait torrent rapide comme flèche malgré efforts machine résister battait flots contre-hélice murailles étroites passage voyais plus raies éclatantes lignes droites sillons feu tracés vitesse sous l'éclat l'électricité cœur palpitait comprimais main a dix heures trente-cinq minutes capitaine nemo abandonna roue gouvernail retournant vers « méditerranée » dit-il moins vingt minutes _nautilus_ entraîné torrent venait franchir l'isthme suez
29,Chapter 30,vi l'archipel grec lendemain 12 février lever jour _nautilus_ remonta surface flots précipitai plate-forme a trois milles sud dessinait vague silhouette péluse torrent portés d'une mer l'autre tunnel facile descendre devait être impraticable remonter vers sept heures ned conseil rejoignirent deux inséparables compagnons tranquillement dormi sans préoccuper autrement prouesses _nautilus_ « eh bien monsieur naturaliste demanda canadien d'un légèrement goguenard cette méditerranée —nous flottons surface ami ned —hein fit conseil cette nuit ... —oui cette nuit quelques minutes franchi cet isthme infranchissable —je n'en crois rien répondit canadien —et tort maître land repris-je cette côte basse s'arrondit vers sud côte égyptienne —a d'autres monsieur répliqua l'entêté canadien —mais puisque monsieur l'affirme dit conseil faut croire monsieur —d'ailleurs ned capitaine nemo a fait honneurs tunnel j'étais près cage timonier pendant qu'il dirigeait lui-même _nautilus_ travers cet étroit passage —vous entendez ned dit conseil —et si bons yeux ajoutai-je pouvez ned apercevoir jetées port-saïd s'allongent mer. » canadien regarda attentivement « effet dit-il raison monsieur professeur capitaine maître homme méditerranée bon causons donc s'il plaît petites affaires façon personne puisse entendre. » illustration _le capitaine nemo prit barre page 254 vis bien où canadien voulait venir tout cas pensai qu'il valait mieux causer puisqu'il désirait tous trois allâmes asseoir près fanal où moins exposés recevoir l'humide embrun lames « maintenant ned écoutons dis-je qu'avez-vous apprendre —ce j'ai apprendre très-simple répondit canadien europe avant caprices capitaine nemo entraînent jusqu'au fond mers polaires ramènent océanie demande quitter _nautilus_. » j'avouerai cette discussion canadien m'embarrassait toujours voulais aucune façon entraver liberté compagnons cependant n'éprouvais nul désir quitter capitaine nemo grâce grâce appareil complétais chaque jour études sous-marines refaisais livre fonds sous-marins milieu élément retrouverais-je jamais telle occasion d'observer merveilles l'océan non certes pouvais donc faire cette idée d'abandonner _nautilus_ avant cycle d'investigations accompli illustration « homme naufragé » m'écriai-je page 262 « ami ned dis-je répondez-moi franchement ennuyez-vous bord regrettez-vous destinée jeté entre mains capitaine nemo » canadien resta quelques instants sans répondre puis croisant bras « franchement dit-il regrette voyage sous mers content l'avoir fait l'avoir fait faut qu'il termine voilà sentiment —il terminera ned —où quand —où n'en sais rien quand peux dire plutôt suppose qu'il s'achèvera lorsque mers n'auront plus rien apprendre tout a commencé a forcément fin monde —je pense comme monsieur répondit conseil fort possible qu'après avoir parcouru toutes mers globe capitaine nemo donne volée tous trois —la volée s'écria canadien volée voulez-vous dire —n'exagérons maître land repris-je n'avons rien craindre capitaine partage non plus idées conseil maîtres secrets _nautilus_ n'espère commandant rendre liberté résigne voir courir monde —mais alors qu'espérez-vous donc demanda canadien —que circonstances rencontreront dont pourrons dont devrons profiter aussi bien six mois maintenant —ouais fit ned land où serons-nous six mois s'il plaît monsieur naturaliste —peut-être ici peut-être chine savez _nautilus_ rapide marcheur traverse océans comme hirondelle traverse airs express continents craint point mers fréquentées dit qu'il va rallier côtes france d'angleterre d'amérique lesquelles fuite pourra être aussi avantageusement tentée qu'ici —monsieur aronnax répondit canadien arguments pèchent base parlez futur « là ici » parle présent « ici faut profiter. » j'étais pressé près logique ned land sentais battu terrain savais plus quels arguments faire valoir faveur « monsieur reprit ned supposons impossible capitaine nemo offre aujourd'hui liberté accepterez-vous —je sais répondis-je —et s'il ajoute cette offre qu'il fait aujourd'hui renouvellera plus tard accepterez-vous » répondis « qu'en pense l'ami conseil demanda ned land —l'ami conseil répondit tranquillement digne garçon l'ami conseil a rien dire absolument désintéressé question ainsi maître ainsi camarade ned célibataire ni femme ni parents ni enfants l'attendent pays service monsieur pense comme monsieur parle comme monsieur grand regret doit compter faire majorité deux personnes seulement présence monsieur d'un côté ned land l'autre cela dit l'ami conseil écoute prêt marquer points. » pus m'empêcher sourire voir conseil annihiler si complétement personnalité fond canadien devait être enchanté l'avoir contre « alors monsieur dit ned land puisque conseil n'existe discutons qu'entre deux j'ai parlé m'avez entendu qu'avez-vous répondre » fallait évidemment conclure faux-fuyants répugnaient « ami ned dis-je voici réponse raison contre arguments peuvent tenir devant vôtres faut compter bonne volonté capitaine nemo prudence plus vulgaire défend mettre liberté contre prudence veut profitions première occasion quitter _nautilus_ —bien monsieur aronnax voilà sagement parlé —seulement dis-je observation seule faut l'occasion sérieuse faut première tentative fuite réussisse car si avorte retrouverons l'occasion reprendre capitaine nemo pardonnera —tout cela juste répondit canadien observation s'applique toute tentative fuite qu'elle lieu deux ans deux jours donc question toujours celle-ci si occasion favorable présente faut saisir —d'accord maintenant direz-vous ned entendez occasion favorable —ce celle nuit sombre amènerait _nautilus_ peu distance d'une côte européenne —et tenteriez sauver nage —oui si suffisamment rapprochés d'un rivage si navire flottait surface non si éloignés si navire naviguait sous eaux —et cas —dans cas chercherais m'emparer canot sais comment manœuvre introduirions l'intérieur boulons enlevés remonterions surface sans timonier placé l'avant s'aperçût fuite —bien ned épiez donc cette occasion n'oubliez qu'un échec perdrait —je l'oublierai monsieur —et maintenant ned voulez-vous connaître toute pensée projet —volontiers monsieur aronnax —eh bien pense —je dis j'espère —je pense cette occasion favorable présentera —pourquoi cela —parce capitaine nemo peut dissimuler n'avons renoncé l'espoir recouvrer liberté qu'il tiendra gardes surtout mers vue côtes européennes —je l'avis monsieur dit conseil —nous verrons bien répondit ned land secouait tête d'un air déterminé —et maintenant ned land ajoutai-je restons-en là plus mot tout ceci jour où prêt préviendrez suivrons m'en rapporte complétement vous. » cette conversation devait avoir plus tard si graves conséquences termina ainsi dois dire maintenant faits semblèrent confirmer prévisions grand désespoir canadien capitaine nemo défiait-il mers fréquentées voulait-il seulement dérober vue nombreux navires toutes nations sillonnent méditerranée l'ignore maintint plus souvent entre deux eaux large côtes _nautilus_ émergeait laissant passer cage timonier s'en allait grandes profondeurs car entre l'archipel grec l'asie mineure trouvions fond deux mille mètres aussi n'eus connaissance l'île carpathos l'une sporades vers virgile capitaine nemo cita posant doigt point planisphère in carpathio neptuni gurgite vates cæruleus proteus ... c'était effet l'antique séjour protée vieux pasteur troupeaux neptune maintenant l'île scarpanto située entre rhodes crète n'en vis soubassements granitiques travers vitre salon lendemain 14 février résolus d'employer quelques heures étudier poissons l'archipel motif quelconque panneaux demeurèrent hermétiquement fermés relevant direction _nautilus_ remarquai qu'il marchait vers candie l'ancienne île crète moment où m'étais embarqué l'_abraham-lincoln_ cette île venait s'insurger tout entière contre despotisme turc qu'était devenu cette insurrection depuis cette époque l'ignorais absolument n'était capitaine nemo privé toute communication terre pu l'apprendre fis donc aucune allusion cet événement lorsque soir trouvai seul salon d'ailleurs sembla taciturne préoccupé puis contrairement habitudes ordonna d'ouvrir deux panneaux salon allant l'un l'autre observa attentivement masse eaux quel but pouvais deviner côté j'employai temps étudier poissons passaient devant yeux entre autres remarquai gobies aphyses citées aristote vulgairement connues sous nom « loches mer » l'on rencontre particulièrement eaux salées avoisinant delta nil près d'elles déroulaient pagres demi phosphorescents sortes spares égyptiens rangeaient parmi animaux sacrés dont l'arrivée eaux fleuve dont elles annonçaient fécond débordement fêtée cérémonies religieuses notai également cheilines longues trois décimètres poissons osseux écailles transparentes dont couleur livide mélangée taches rouges grands mangeurs végétaux marins donne goût exquis aussi cheilines étaient-elles très-recherchées gourmets l'ancienne rome leurs entrailles accommodées laites murènes cervelles paons langues phénicoptères composaient plat divin ravissait vitellius autre habitant mers attira attention ramena esprit tous souvenirs l'antiquité rémora voyage attaché ventre requins dire anciens petit poisson accroché carène d'un navire pouvait l'arrêter marche l'un d'eux retenant vaisseau d'antoine pendant bataille d'actium facilita ainsi victoire d'auguste a quoi tiennent destinées nations j'observai également d'admirables anthias appartiennent l'ordre lutjans poissons sacrés grecs attribuaient pouvoir chasser monstres marins eaux qu'ils fréquentaient nom signifie _fleur_ justifiaient leurs couleurs chatoyantes leurs nuances comprises gamme rouge depuis pâleur rose jusqu l'éclat rubis fugitifs reflets moiraient nageoire dorsale yeux pouvaient détacher merveilles mer quand frappés soudain apparition inattendue milieu eaux homme apparut plongeur portant ceinture bourse cuir n'était corps abandonné flots c'était homme vivant nageait d'une main vigoureuse disparaissant parfois aller respirer surface replongeant aussitôt retournai vers capitaine nemo d'une voix émue « homme naufragé m'écriai-je faut sauver tout prix » capitaine répondit vint s'appuyer vitre l'homme s'était rapproché face collée panneau regardait a profonde stupéfaction capitaine nemo fit signe plongeur répondit main remonta immédiatement vers surface mer reparut plus « inquiétez dit capitaine c'est nicolas cap matapan surnommé pesce bien connu toutes cyclades hardi plongeur l'eau élément vit plus terre allant sans cesse d'une île l'autre jusqu crète —vous connaissez capitaine —pourquoi monsieur aronnax » cela dit capitaine nemo dirigea vers meuble placé près panneau gauche salon près meuble vis coffre cerclé fer dont couvercle portait plaque cuivre chiffre nautilus devise _mobilis in mobile_ moment capitaine sans préoccuper présence ouvrit meuble sorte coffre-fort renfermait grand nombre lingots c'étaient lingots d'or d'où venait précieux métal représentait somme énorme où capitaine recueillait-il cet or qu'allait-il faire celui-ci prononçai mot regardai capitaine nemo prit lingots rangea méthodiquement coffre qu'il remplit entièrement j'estimai qu'il contenait alors plus mille kilogrammes d'or c'est-à-dire près cinq millions francs coffre solidement fermé capitaine écrivit couvercle adresse caractères devaient appartenir grec moderne ceci fait capitaine nemo pressa bouton dont fil correspondait poste l'équipage quatre hommes parurent non sans peine poussèrent coffre hors salon puis j'entendis qu'ils hissaient moyen palans l'escalier fer moment capitaine nemo tourna vers « disiez monsieur professeur demanda-t-il —je disais rien capitaine —alors monsieur permettrez souhaiter bon soir. » capitaine nemo quitta salon rentrai chambre très-intrigué conçoit j'essayai vainement dormir cherchais relation entre l'apparition plongeur coffre rempli d'or bientôt sentis certains mouvements roulis tangage _nautilus_ quittant couches inférieures revenait surface eaux puis j'entendis bruit plate-forme compris l'on détachait canot qu'on lançait mer heurta instant flancs _nautilus_ tout bruit cessa deux heures après bruit mêmes allées venues reproduisaient l'embarcation hissée bord rajustée alvéole _nautilus_ replongeait sous flots ainsi donc millions transportés adresse quel point continent quel correspondant capitaine nemo lendemain racontai conseil canadien événements cette nuit surexcitaient curiosité plus haut point compagnons moins surpris « où prend-il millions » demanda ned land a cela réponse possible rendis salon après avoir déjeuné mis travail jusqu cinq heures soir rédigeai notes moment —devais-je l'attribuer disposition personnelle —je sentis chaleur extrême dus enlever vêtement byssus effet incompréhensible car n'étions sous hautes latitudes d'ailleurs _nautilus_ immergé devait éprouver aucune élévation température regardai manomètre marquait profondeur soixante pieds laquelle chaleur atmosphérique n'aurait pu atteindre continuai travail température s'éleva point devenir intolérable « est-ce feu bord » demandai-je j'allais quitter salon quand capitaine nemo entra s'approcha thermomètre consulta retournant vers « quarante-deux degrés dit-il illustration capitaine nemo ouvrit meuble page 262 —je m'en aperçois capitaine répondis-je peu cette chaleur augmente pourrons supporter —oh monsieur professeur cette chaleur n'augmentera si voulons bien —vous pouvez donc modérer gré —non puis m'éloigner foyer produit —elle donc extérieure —sans doute flottons courant d'eau bouillante —est-il possible m'écriai-je —regardez. » panneaux s'ouvrirent vis mer entièrement blanche autour _nautilus_ fumée vapeurs sulfureuses déroulait milieu flots bouillonnaient comme l'eau d'une chaudière j'appuyai main vitres chaleur telle dus retirer illustration « où sommes-nous demandai-je —près l'île santorin monsieur professeur répondit capitaine précisément canal sépare néa-kamenni paléa kamenni j'ai voulu donner curieux spectacle d'une éruption sous-marine —je croyais dis-je formation îles nouvelles terminée —rien n'est jamais terminé parages volcaniques répondit capitaine nemo globe toujours travaillé feux souterrains déjà l'an dix-neuf ère suivant cassiodore pline île nouvelle théia divine apparut place où récemment formés îlots puis s'abîma sous flots remontrer l'an soixante-neuf s'abîmer encore fois depuis cette époque jusqu jours travail plutonien suspendu 3 février 1866 nouvel îlot qu'on nomma l'îlot george émergea milieu vapeurs sulfureuses près néa-kamenni souda 6 mois sept jours après 13 février l'îlot aphroessa parut laissant entre néa-kamenni canal dix mètres j'étais mers quand phénomène produisit j'ai pu observer toutes phases l'îlot aphroessa forme arrondie mesurait trois cents pieds diamètre trente pieds hauteur composait laves noires vitreuses mêlées fragments feldspathiques enfin 10 mars îlot plus petit appelé réka montra près néa-kamenni depuis lors trois îlots soudés ensemble forment plus qu'une seule île —et canal où moment demandai-je —le voici répondit capitaine nemo montrant carte l'archipel voyez porté nouveaux îlots —mais canal comblera jour —c'est probable monsieur aronnax car depuis 1866 huit petits îlots lave surgi face port saint-nicolas paléa-kamenni donc évident néa paléa réuniront temps rapproché si milieu pacifique infusoires forment continents ici phénomènes éruptifs voyez monsieur voyez travail s'accomplit sous flots. » revins vers vitre _nautilus_ marchait plus chaleur devenait intolérable blanche qu'elle mer faisait rouge coloration due présence d'un sel fer malgré l'hermétique fermeture salon odeur sulfureuse insupportable dégageait j'apercevais flammes écarlates dont vivacité tuait l'éclat l'électricité j'étais nage j'étouffais j'allais cuire oui vérité sentais cuire « peut rester plus longtemps cette eau bouillante dis-je capitaine —non prudent » répondit l'impassible nemo ordre donné _nautilus_ vira bord s'éloigna cette fournaise qu'il pouvait impunément braver quart d'heure plus tard respirions surface flots pensée vint alors si ned land choisi parages effectuer fuite sortis vivants cette mer feu lendemain 16 février quittions bassin entre rhodes alexandrie compte profondeurs trois mille mètres _nautilus_ passant large cerigo abandonnait l'archipel grec après avoir doublé cap matapan
30,Chapter 31,vii méditerranée quarante-huit heures méditerranée mer bleue excellence « grande mer » hébreux « mer » grecs « mare nostrum » romains bordée d'orangers d'aloës cactus pins maritimes embaumée parfum myrtes encadrée rudes montagnes saturée d'un air pur transparent incessamment travaillée feux terre véritable champ bataille où neptune pluton disputent encore l'empire monde c'est là rivages eaux dit michelet l'homme retrempe l'un plus puissants climats globe si beau qu'il n'ai pu prendre qu'un aperçu rapide bassin dont superficie couvre deux millions kilomètres carrés connaissances personnelles capitaine nemo firent défaut car l'énigmatique personnage parut seule fois pendant cette traversée grande vitesse j'estime six cents lieues environ chemin _nautilus_ parcourut sous flots cette mer voyage l'accomplit deux fois vingt-quatre heures partis matin 16 février parages grèce 18 soleil levant franchi détroit gibraltar évident cette méditerranée resserrée milieu terres qu'il voulait fuir déplaisait capitaine nemo flots brises rapportaient trop souvenirs sinon trop regrets n'avait plus ici cette liberté d'allures cette indépendance manœuvres laissaient océans _nautilus_ sentait l'étroit entre rivages rapprochés l'afrique l'europe aussi vitesse fut-elle vingt-cinq milles l'heure douze lieues quatre kilomètres va sans dire ned land grand ennui dut renoncer projets fuite pouvait servir canot entraîné raison douze treize mètres seconde quitter _nautilus_ conditions c'eût sauter d'un train marchant cette rapidité manœuvre imprudente s'il d'ailleurs appareil remontait nuit surface flots afin renouveler provision d'air dirigeait seulement suivant indications boussole relèvements loch vis donc l'intérieur cette méditerranée voyageur d'un express aperçoit paysage fuit devant yeux c'est-à-dire horizons lointains non premiers plans passent comme éclair cependant conseil pûmes observer quelques-uns poissons méditerranéens puissance leurs nageoires maintenait quelques instants eaux _nautilus_ restions l'affût devant vitres salon notes permettent refaire quelques mots l'ichtyologie cette mer divers poissons l'habitent j'ai vu uns entrevu autres sans parler ceux vitesse _nautilus_ déroba yeux qu'il donc permis classer d'après cette classification fantaisiste rendra mieux rapides observations milieu masse eaux vivement éclairées nappes électriques serpentaient quelques-unes lamproies longues d'un mètre communes presque tous climats oxyrhinques sortes raies larges cinq pieds ventre blanc dos gris cendré tacheté développaient comme vastes châles emportés courants d'autres raies passaient si vite pouvais reconnaître si elles méritaient nom d'aigles donné grecs qualifications rat crapaud chauve-souris dont pêcheurs modernes affublées squales-milandres longs douze pieds particulièrement redoutés plongeurs luttaient rapidité entre renards marins longs huit pieds doués d'une extrême finesse d'odorat apparaissaient comme grandes ombres bleuâtres dorades genre spare dont quelques-unes mesuraient jusqu treize décimètres montraient vêtement d'argent d'azur entouré bandelettes tranchait sombre leurs nageoires poissons consacrés vénus dont l'œil enchâssé sourcil d'or espèce précieuse amie toutes eaux douces salées habitant fleuves lacs océans vivant sous tous climats supportant toutes températures dont race remonte époques géologiques terre a conservé toute beauté premiers jours esturgeons magnifiques longs neuf dix mètres animaux grande marche heurtaient d'une queue puissante vitre panneaux montrant dos bleuâtre petites taches brunes ressemblent squales dont n'égalent force rencontrent toutes mers printemps aiment remonter grands fleuves lutter contre courants volga danube pô rhin loire l'oder nourrissent harengs maquereaux saumons gades bien qu'ils appartiennent classe cartilagineux délicats mange frais séchés marinés salés autrefois portait triomphalement table lucullus divers habitants méditerranée ceux pus observer plus utilement lorsque _nautilus_ rapprochait surface appartenaient soixante-troisième genre poissons osseux c'étaient scombres-thons dos bleu-noir ventre cuirassé d'argent dont rayons dorsaux jettent lueurs d'or réputation suivre marche navires dont recherchent l'ombre fraîche sous feux ciel tropical démentirent accompagnant _nautilus_ comme accompagnèrent autrefois vaisseaux lapérouse pendant longues heures luttèrent vitesse appareil pouvais lasser d'admirer animaux véritablement taillés course tête petite corps lisse fusiforme chez quelques-uns dépassait trois mètres leurs pectorales douées d'une remarquable vigueur leurs caudales fourchues nageaient triangle comme certaines troupes d'oiseaux dont égalaient rapidité faisait dire anciens géométrie stratégie familières cependant n'échappent point poursuites provençaux estiment comme estimaient habitants propontide l'italie c'est aveugles étourdis précieux animaux vont jeter périr milliers madragues marseillaises citerai mémoire seulement ceux poissons méditerranéens conseil fîmes qu'entrevoir c'étaient gymnotes-fierasfers blanchâtres passaient comme d'insaisissables vapeurs murènes-congres serpents trois quatre mètres enjolivés vert bleu jaune gades-merlus longs trois pieds dont foie formait morceau délicat cœpoles-ténias flottaient comme fines algues trygles poëtes appellent poissons-lyres marins poissons-siffleurs dont museau orné deux lames triangulaires dentelées figurent l'instrument vieil homère trygles-hirondelles nageant rapidité l'oiseau dont pris nom holocentres-mérons tête rouge dont nageoire dorsale garnie filaments aloses agrémentées taches noires grises brunes bleues jaunes vertes sensibles voix argentine clochettes splendides turbots faisans mer sortes losanges nageoires jaunâtres pointillés brun dont côté supérieur côté gauche généralement marbré brun jaune enfin troupes d'admirables mulles-rougets véritables paradisiers l'océan romains payaient jusqu dix mille sesterces pièce qu'ils faisaient mourir table suivre d'un œil cruel leurs changements couleurs depuis rouge cinabre vie jusqu'au blanc pâle mort si pus observer ni miralets ni balistes ni tétrodons ni hippocampes ni jouans ni centrisques ni blennies ni surmulets ni labres ni éperlans ni exocets ni anchois ni pagels ni bogues ni orphes ni tous principaux représentants l'ordre pleuronectes limandes flez plies soles carrelets communs l'atlantique méditerranée faut accuser vertigineuse vitesse emportait _nautilus_ travers eaux opulentes quant mammifères marins crois avoir reconnu passant l'ouvert l'adriatique deux trois cachalots munis d'une nageoire dorsale genre physétères quelques dauphins genre globicéphales spéciaux méditerranée dont partie antérieure tête zébrée petites lignes claires aussi douzaine phoques ventre blanc pelage noir connus sous nom moines absolument l'air dominicains longs trois mètres part conseil croit avoir aperçu tortue large six pieds ornée trois arêtes saillantes dirigées longitudinalement regrettai avoir vu reptile car description m'en fit conseil crus reconnaître luth forme espèce assez rare remarquai compte quelques cacouannes carapace allongée quant zoophytes pus admirer pendant quelques instants admirable galéolaire orangée s'accrocha vitre panneau bâbord c'était long filament tenu s'arborisant branches infinies terminée plus fine dentelle qu'eussent jamais filée rivales d'arachné pus malheureusement pêcher cet admirable échantillon aucun autre zoophyte méditerranéen sans doute offert regards si _nautilus_ soirée 16 n'eût singulièrement ralenti vitesse voici quelles circonstances passions alors entre sicile côte tunis cet espace resserré entre cap bon détroit messine fond mer remonte presque subitement là s'est formée véritable crête laquelle reste dix-sept mètres d'eau tandis chaque côté profondeur cent soixante-dix mètres _nautilus_ dut donc manœuvrer prudemment fin heurter contre cette barrière sous-marine montrai conseil carte méditerranée l'emplacement qu'occupait long récif « n'en déplaise monsieur fit observer conseil c'est comme isthme véritable réunit l'europe l'afrique —oui garçon répondis-je barre entier détroit lybie sondages smith prouvé continents autrefois réunis entre cap boco cap furina —je crois volontiers dit conseil —j'ajouterai repris-je qu'une barrière semblable existe entre gibraltar ceuta temps géologiques fermait complétement méditerranée —eh fit conseil si quelque poussée volcanique relevait jour deux barrières au-dessus flots —ce n'est guère probable conseil —enfin monsieur permette d'achever si phénomène produisait fâcheux monsieur lesseps donne tant mal percer isthme —j'en conviens répète conseil phénomène produira violence forces souterraines va toujours diminuant volcans si nombreux premiers jours monde s'éteignent peu peu chaleur interne s'affaiblit température couches inférieures globe baisse d'une quantité appréciable siècle détriment globe car cette chaleur c'est vie —cependant soleil ... —le soleil insuffisant conseil peut-il rendre chaleur cadavre —non sache —eh bien ami terre jour cadavre refroidi deviendra inhabitable inhabitée comme lune depuis longtemps a perdu chaleur vitale illustration —dans combien siècles demanda conseil —dans quelques centaines mille ans garçon —alors répondit conseil temps d'achever voyage si toutefois ned land s'en mêle » conseil rassuré remit étudier haut fond nautilus rasait près vitesse modérée illustration fond encombré sinistres épaves page 276 là sous sol rocheux volcanique s'épanouissait toute flore vivante éponges holoturies cydippes hyalines ornées cyrrhes rougeâtres émettaient légère phosphorescence beroës vulgairement connus sous nom concombres mer baignés miroitements d'un spectre solaire comatules ambulantes larges d'un mètre dont pourpre rougissait eaux euryales arborescentes plus grande beauté pavonacées longues tiges grand nombre d'oursins comestibles d'espèces variées actinies vertes tronc grisâtre disque brun perdaient chevelure olivâtre tentacules conseil s'était occupé plus particulièrement d'observer mollusques articulés bien nomenclature peu aride veux faire tort brave garçon omettant observations personnelles l'embranchement mollusques cite nombreux pétoncles pectiniformes spondyles pieds-d'âne s'entassaient uns autres donaces triangulaires hyalles tridentées nageoires jaunes coquilles transparentes pleurobranches orangés œufs pointillés semés points verdâtres aplysies connues aussi sous nom lièvres mer dolabelles acères charnus ombrelles spéciales méditerranée oreilles mer dont coquille produit nacre très-recherchée pétoncles flammulés anomies languedociens dit-on préfèrent huîtres clovis si chers marseillais praïres doubles blanches grasses quelques-uns clams abondent côtes l'amérique nord dont fait débit si considérable new-york peignes operculaires couleurs variées lithodonces enfoncées leurs trous dont goûtais fort goût poivré vénéricardes sillonnées dont coquille sommet bombé présentait côtes saillantes cynthies hérissées tubercules écarlates carniaires pointe recourbée semblables légères gondoles féroles couronnées atlantes coquilles spiraliformes thétys grises tachetées blanc recouvertes mantille frangée éolides semblables petites limaces cavolines rampant dos auricules entre autres l'auricule myosotis coquille ovale scalaires fauves littorines janthures cinéraires pétricoles lamellaires cabochons pandores etc quant articulés conseil a notes très-justement divisés six classes dont trois appartiennent monde marin classes crustacés cirrhopodes annélides crustacés subdivisent neuf ordres premier ordres comprend décapodes c'est-à-dire animaux dont tête thorax plus généralement soudés entre dont l'appareil buccal composé plusieurs paires membres possèdent quatre cinq six paires pattes thoraciques ambulatoires conseil suivi méthode maître milne edwards fait trois sections décapodes brachyoures macroures anomoures noms légèrement barbares justes précis parmi macroures conseil cite amathies dont front armé deux grandes pointes divergentes l'inachus scorpion —je sais pourquoi —symbolisait sagesse chez grecs lambres-masséna lambres-spinimanes probablement égarés haut-fond car d'ordinaire vivent grandes profondeurs xhantes pilumnes rhomboïdes calappiens granuleux —très-faciles digérer fait observer conseil —des corystes édentés ébalies cymopolies dorripes laineuses etc parmi macroures subdivisés cinq familles cuirassés fouisseurs astaciens salicoques ochyzopodes cite langoustes communes dont chair si estimée chez femelles scyllares-ours cigales mer gébies riveraines toutes sortes d'espèces comestibles dit rien subdivision astaciens comprend homards car langoustes seuls homards méditerranée enfin parmi anomoures vit drocines communes abritées derrière cette coquille abandonnée dont elles s'emparent homoles front épineux bernard-l'hermite porcellanes etc là s'arrêtait travail conseil temps manqué compléter classe crustacés l'examen stomapodes amphipodes homopodes isopodes trilobites branchiapodes ostracodes entomostracées terminer l'étude articulés marins dû citer classe cyrrhopodes renferme cyclopes argules classe annélides qu'il n'eût manqué diviser tubicoles dorsibranches _nautilus_ dépassé haut fond détroit libye reprit eaux plus profondes vitesse accoutumée dès lors plus mollusques plus d'articulés plus zoophytes a peine quelques gros poissons passaient comme ombres pendant nuit 16 17 février entrés second bassin méditerranéen dont plus grandes profondeurs trouvent trois mille mètres _nautilus_ sous l'impulsion hélice glissant plans inclinés s'enfonça jusqu'aux dernières couches mer là défaut merveilles naturelles masse eaux offrit regards bien scènes émouvantes terribles effet traversions alors toute cette partie méditerranée si féconde sinistres côte algérienne rivages provence navires fait naufrage bâtiments disparu méditerranée n'est qu'un lac comparée vastes plaines liquides pacifique c'est lac capricieux flots changeants aujourd'hui propice caressant frêle tartane semble flotter entre double outre-mer eaux ciel demain rageur tourmenté démonté vents brisant plus forts navires lames courtes frappent coups précipités ainsi cette promenade rapide travers couches profondes d'épaves j'aperçus gisant sol unes déjà empâtées coraux autres revêtues seulement d'une couche rouille ancres canons boulets garnitures fer branches d'hélice morceaux machines cylindres brisés chaudières défoncées puis coques flottant entre deux eaux celles-ci droites celles-là renversées navires naufragés uns péri collision autres avoir heurté quelque écueil granit j'en vis coulé pic mâture droite gréement raidi l'eau l'air d'être l'ancre immense rade foraine d'attendre moment départ lorsque _nautilus_ passait entre enveloppait nappes électriques semblait navires allaient saluer pavillon envoyer numéro d'ordre non rien silence mort champ catastrophes j'observai fonds méditerranéens plus encombrés sinistres épaves mesure _nautilus_ rapprochait détroit gibraltar côtes d'afrique d'europe resserrent alors cet étroit espace rencontres fréquentes vis là nombreuses carènes fer ruines fantastiques steamers uns couchés autres debout semblables animaux formidables bateaux flancs ouverts cheminée courbée roues dont restait plus monture gouvernail séparé l'étambot retenu encore chaîne fer tableau d'arrière rongé sels marins présentait sous aspect terrible combien d'existences brisées naufrage combien victimes entraînées sous flots quelque matelot bord avait-il survécu raconter terrible désastre flots gardaient-ils encore secret sinistre sais pourquoi vint pensée bateau enfoui sous mer pouvait être l'_atlas_ disparu corps biens depuis vingtaine d'années dont a jamais entendu parler ah quelle sinistre histoire faire celle fonds méditerranéens vaste ossuaire où tant richesses perdues où tant victimes trouvé mort cependant _nautilus_ indifférent rapide courait toute hélice milieu ruines 18 février vers trois heures matin présentait l'entrée détroit gibraltar là existent deux courants courant supérieur depuis longtemps reconnu amène eaux l'océan bassin méditerranée puis contre-courant inférieur dont raisonnement a démontré aujourd'hui l'existence effet somme eaux méditerranée incessamment accrue flots l'atlantique fleuves jettent devrait élever chaque année niveau cette mer car évaporation insuffisante rétablir l'équilibre or n'en ainsi a dû naturellement admettre l'existence d'un courant inférieur détroit gibraltar verse bassin l'atlantique trop plein méditerranée fait exact effet c'est contre-courant profita _nautilus_ s'avança rapidement l'étroite passe instant pus entrevoir admirables ruines temple d'hercule enfoui dire pline d'avienus l'île basse supportait quelques minutes plus tard flottions flots l'atlantique
31,Chapter 32,viii baie vigo l'atlantique vaste étendue d'eau dont superficie couvre vingt-cinq millions milles carrés longue neuf mille milles largeur moyenne deux mille sept cents importante mer presque ignorée anciens sauf peut-être carthaginois hollandais l'antiquité leurs pérégrinations commerciales suivaient côtes ouest l'europe l'afrique océan dont rivages sinuosités parallèles embrassent périmètre immense arrosé plus grands fleuves monde saint-laurent mississipi l'amazone plata l'orénoque niger sénégal l'elbe loire rhin apportent eaux pays plus civilisés contrées plus sauvages magnifique plaine incessamment sillonnée navires toutes nations abritée sous tous pavillons monde terminent deux pointes terribles redoutées navigateurs cap horn cap tempêtes _nautilus_ brisait eaux sous tranchant éperon après avoir accompli près dix mille lieues trois mois demi parcours supérieur l'un grands cercles terre où allions-nous maintenant réservait l'avenir _nautilus_ sorti détroit gibraltar pris large revint surface flots promenades quotidiennes plate-forme ainsi rendues montai aussitôt accompagné ned land conseil a distance douze milles apparaissait vaguement cap saint-vincent forme pointe sud-ouest péninsule hispanique ventait assez fort coup vent sud mer grosse houleuse imprimait violentes secousses roulis _nautilus_ presque impossible maintenir plate-forme d'énormes paquets mer battaient chaque instant redescendîmes donc après avoir humé quelques bouffées d'air regagnai chambre conseil revint cabine canadien l'air assez préoccupé suivit rapide passage travers méditerranée permis mettre projets exécution dissimulait peu désappointement lorsque porte chambre fermée s'assit regarda silencieusement « ami ned dis-je comprends n'avez rien reprocher conditions où naviguait _nautilus_ songer quitter folie » ned land répondit rien lèvres serrées sourcils froncés indiquaient chez violente obsession d'une idée fixe « voyons repris-je rien n'est désespéré encore remontons côte portugal non loin france l'angleterre où trouverions facilement refuge ah si _nautilus_ sorti détroit gibraltar mis cap sud s'il entraînés vers régions où continents manquent partagerais inquiétudes savons maintenant capitaine nemo fuit mers civilisées quelques jours crois pourrez agir quelque sécurité. » ned land regarda plus fixement encore desserrant enfin lèvres « c'est soir » dit-il redressai subitement j'étais l'avoue peu préparé cette communication j'aurais voulu répondre canadien mots vinrent « convenus d'attendre circonstance reprit ned land circonstance tiens soir quelques milles côte espagnole nuit sombre vent souffle large j'ai parole monsieur aronnax compte vous. » comme taisais toujours canadien leva rapprochant « soir neuf heures dit-il j'ai prévenu conseil a moment-là capitaine nemo enfermé chambre probablement couché ni mécaniciens ni hommes l'équipage peuvent voir conseil gagnerons l'escalier central monsieur aronnax resterez bibliothèque deux attendant signal avirons mât voile canot parvenu porter quelques provisions procuré clef anglaise dévisser écrous attachent canot coque _nautilus_ ainsi tout prêt a soir —la mer mauvaise dis-je —j'en conviens répond canadien faut risquer cela liberté vaut qu'on paye d'ailleurs l'embarcation solide quelques milles vent porte affaire sait si demain cent lieues large circonstances favorisent entre dix onze heures débarqués quelque point terre ferme morts donc grâce dieu soir » mot canadien retira laissant presque abasourdi j'avais imaginé cas échéant j'aurais temps réfléchir discuter opiniâtre compagnon permettait aurais-je dit après tout ned land cent fois raison c'était presque circonstance profitait pouvais-je revenir parole assumer cette responsabilité compromettre intérêt tout personnel l'avenir compagnons demain capitaine nemo pouvait-il entraîner large toutes terres moment sifflement assez fort m'apprit réservoirs remplissaient _nautilus_ s'enfonça sous flots l'atlantique demeurai chambre voulais éviter capitaine cacher yeux l'émotion dominait triste journée passai ainsi entre désir rentrer possession libre arbitre regret d'abandonner merveilleux _nautilus_ laissant inachevées études sous-marines quitter ainsi cet océan « atlantique » comme plaisais nommer sans avoir observé dernières couches sans avoir dérobé secrets m'avaient révélés mers indes pacifique roman tombait mains dès premier volume rêve s'interrompait plus beau moment quelles heures mauvaises s'écoulèrent ainsi tantôt voyant sûreté terre compagnons tantôt souhaitant dépit raison quelque circonstance imprévue empêchât réalisation projets ned land deux fois vins salon voulais consulter compas voulais voir si direction _nautilus_ rapprochait effet éloignait côte non _nautilus_ tenait toujours eaux portugaises pointait nord prolongeant rivages l'océan illustration temple d'hercule page 277 fallait donc prendre parti préparer fuir bagage n'était lourd notes rien plus quant capitaine nemo demandai qu'il penserait évasion quelles inquiétudes quels torts peut-être causerait qu'il ferait double cas où révélée manquée sans doute n'avais plaindre contraire jamais hospitalité plus franche sienne quittant pouvais être taxé d'ingratitude aucun serment liait c'était force choses seule qu'il comptait non parole fixer jamais auprès cette prétention hautement avouée retenir éternellement prisonniers bord justifiait toutes tentatives illustration l'amiral incendia saborda galions page 286 n'avais revu capitaine depuis visite l'île santorin hasard devait-il mettre présence avant départ désirais craignais tout fois j'écoutai si l'entendrais marcher chambre contiguë mienne aucun bruit parvint oreille cette chambre devait être déserte alors j'en vins demander si cet étrange personnage bord depuis cette nuit pendant laquelle canot quitté _nautilus_ service mystérieux idées s'étaient concerne légèrement modifiées pensais bien qu'il pu dire capitaine nemo devait avoir conservé terre quelques relations d'une certaine espèce quittait-il jamais _nautilus_ semaines entières s'étaient souvent écoulées sans l'eusse rencontré faisait-il pendant temps alors croyais proie accès misanthropie n'accomplissait-il loin quelque acte secret dont nature m'échappait jusqu'ici toutes idées mille autres m'assaillirent fois champ conjectures peut être qu'infini l'étrange situation où j'éprouvais malaise insupportable cette journée d'attente semblait éternelle heures sonnaient trop lentement gré impatience dîner comme toujours servi chambre mangeai mal trop préoccupé quittai table sept heures cent vingt minutes —je comptais —me séparaient encore moment où devais rejoindre ned land agitation redoublait pouls battait violence pouvais rester immobile j'allais venais espérant calmer mouvement trouble esprit l'idée succomber téméraire entreprise moins pénible soucis pensée voir projet découvert avant d'avoir quitté _nautilus_ pensée d'être ramené devant capitaine nemo irrité pis contristé abandon cœur palpitait voulus revoir salon dernière fois pris coursives j'arrivai musée où j'avais passé tant d'heures agréables utiles regardai toutes richesses tous trésors comme homme veille d'un éternel exil part plus revenir merveilles nature chefs-d'œuvre l'art entre lesquels depuis tant jours concentrait vie j'allais abandonner jamais j'aurais voulu plonger regards vitre salon travers eaux l'atlantique panneaux hermétiquement fermés manteau tôle séparait cet océan connaissais encore parcourant ainsi salon j'arrivai près porte ménagée pan coupé s'ouvrait chambre capitaine a grand étonnement cette porte entre-bâillée reculai involontairement si capitaine nemo chambre pouvait voir cependant n'entendant aucun bruit m'approchai chambre déserte poussai porte fis quelques l'intérieur toujours aspect sévère cénobitique cet instant quelques eaux-fortes suspendues paroi n'avais remarquées pendant première visite frappèrent regards c'étaient portraits portraits grands hommes historiques dont l'existence a qu'un perpétuel dévouement grande idée humaine kosciusko héros tombé cri _finis poloniæ_ botzaris léonidas grèce moderne o'connell défenseur l'irlande washington fondateur l'union américaine manin patriote italien lincoln tombé sous balle d'un esclavagiste enfin martyr l'affranchissement race noire john brown suspendu gibet tel a si terriblement dessiné crayon victor hugo quel lien existait-il entre âmes héroïques l'âme capitaine nemo pouvais-je enfin cette réunion portraits dégager mystère existence était-il champion peuples opprimés libérateur races esclaves avait-il figuré dernières commotions politiques sociales siècle avait-il l'un héros terrible guerre américaine guerre lamentable jamais glorieuse ... tout coup l'horloge sonna huit heures battement premier coup marteau timbre m'arracha rêves tressaillis comme si œil invisible pu plonger plus secret pensées précipitai hors chambre là regards s'arrêtèrent boussole direction toujours nord loch indiquait vitesse modérée manomètre profondeur soixante pieds environ circonstances favorisaient donc projet canadien regagnai chambre vêtis chaudement bottes mer bonnet loutre casaque byssus doublée peau phoque j'étais prêt j'attendis frémissements l'hélice troublaient seuls silence profond régnait bord j'écoutais tendais l'oreille quelque éclat voix m'apprendrait-il tout coup ned land venait d'être surpris projets d'évasion inquiétude mortelle m'envahit j'essayai vainement reprendre sang-froid a neuf heures moins quelques minutes collai oreille près porte capitaine nul bruit quittai chambre revins salon plongé demi-obscurité désert j'ouvris porte communiquant bibliothèque clarté insuffisante solitude j'allai poster près porte donnait cage l'escalier central j'attendis signal ned land moment frémissements l'hélice diminuèrent sensiblement puis cessèrent tout fait pourquoi changement allures _nautilus_ cette halte favorisait-elle gênait-elle desseins ned land n'aurais pu dire silence n'était plus troublé battements cœur soudain léger choc fit sentir compris _nautilus_ venait s'arrêter fond l'océan inquiétude redoubla signal canadien m'arrivait j'avais envie rejoindre ned land l'engager remettre tentative sentais navigation faisait plus conditions ordinaires ... moment porte grand salon s'ouvrit capitaine nemo parut m'aperçut sans autre préambule « ah monsieur professeur dit-il d'un aimable cherchais savez-vous histoire d'espagne » saurait fond l'histoire propre pays conditions où trouvais l'esprit troublé tête perdue pourrait citer mot « eh bien reprit capitaine nemo entendu question savez-vous l'histoire d'espagne —très-mal répondis-je —voilà bien savants dit capitaine savent alors asseyez-vous ajouta-t-il vais raconter curieux épisode cette histoire. » capitaine s'étendit divan machinalement pris place auprès pénombre « monsieur professeur dit-il écoutez-moi bien cette histoire intéressera certain côté car répondra question sans doute n'avez pu résoudre —je écoute capitaine dis-je sachant où interlocuteur voulait venir demandant si cet incident rapportait projets fuite —monsieur professeur reprit capitaine nemo si voulez bien remonterons 1702 n'ignorez cette époque roi louis xiv croyant qu'il suffisait d'un geste potentat faire rentrer pyrénées sous terre imposé duc d'anjou petit-fils espagnols prince régna plus moins mal sous nom philippe v affaire dehors forte partie « effet l'année précédente maisons royales hollande d'autriche d'angleterre conclu haye traité d'alliance but d'arracher couronne d'espagne philippe v placer tête d'un archiduc auquel elles donnèrent prématurément nom charles iii illustration vingt mille lieues sous mers 2e carte jules verne « l'espagne dut résister cette coalition peu près dépourvue soldats marins cependant l'argent manquait condition toutefois galions chargés l'or l'argent l'amérique entrassent ports or vers fin 1702 attendait riche convoi france faisait escorter flotte vingt-trois vaisseaux commandés l'amiral château-renaud car marines coalisées couraient alors l'atlantique « convoi devait rendre cadix l'amiral appris flotte anglaise croisait parages résolut rallier port france « commandants espagnols convoi protestèrent contre cette décision voulurent être conduits port espagnol défaut cadix baie vigo située côte nord-ouest l'espagne n'était bloquée « l'amiral château-renaud faiblesse d'obéir cette injonction galions entrèrent baie vigo « malheureusement cette baie forme rade ouverte peut être aucunement défendue fallait donc hâter décharger galions avant l'arrivée flottes coalisées temps n'eût manqué débarquement si misérable question rivalité n'eût surgi tout coup « suivez bien l'enchaînement faits demanda capitaine nemo —parfaitement dis-je sachant encore quel propos m'était faite cette leçon d'histoire —je continue voici passa commerçants cadix privilége d'après lequel devaient recevoir toutes marchandises venaient indes occidentales or débarquer lingots galions port vigo c'était aller contre droit plaignirent donc madrid obtinrent faible philippe v convoi sans procéder déchargement resterait séquestre rade vigo jusqu'au moment où flottes ennemies éloignées « or pendant l'on prenait cette décision 22 octobre 1702 vaisseaux anglais arrivèrent baie vigo l'amiral château-renaud malgré forces inférieures battit courageusement quand vit richesses convoi allaient tomber entre mains ennemis incendia saborda galions s'engloutirent leurs immenses trésors. » capitaine nemo s'était arrêté l'avoue voyais encore quoi cette histoire pouvait m'intéresser « eh bien demandai-je —eh bien monsieur aronnax répondit capitaine nemo cette baie vigo tient d'en pénétrer mystères. » capitaine leva pria suivre j'avais temps remettre j'obéis salon obscur travers vitres transparentes étincelaient flots mer regardai autour _nautilus_ rayon d'un demi-mille eaux apparaissaient imprégnées lumière électrique fond sableux net clair hommes l'équipage revêtus scaphandres s'occupaient déblayer tonneaux demi pourris caisses éventrées milieu d'épaves encore noircies caisses barils s'échappaient lingots d'or d'argent cascades piastres bijoux sable jonché puis chargés précieux butin hommes revenaient _nautilus_ déposaient fardeau allaient reprendre cette inépuisable pêche d'argent d'or comprenais c'était ici théâtre bataille 22 octobre 1702 ici coulé galions chargés compte gouvernement espagnol ici capitaine nemo venait encaisser suivant besoins millions dont lestait _nautilus_ c'était seul l'amérique livré précieux métaux l'héritier direct sans partage trésors arrachés incas vaincus fernand cortez « saviez-vous monsieur professeur demanda-t-il souriant mer contînt tant richesse —je savais répondis-je l'on évalue deux millions tonnes l'argent tenu suspension eaux —sans doute extraire cet argent dépenses l'emporteraient profit ici contraire n'ai ramasser hommes perdu non-seulement cette baie vigo encore mille théâtres naufrages dont carte sous-marine a noté place comprenez-vous maintenant riche milliards —je comprends capitaine permettez-moi pourtant dire qu'en exploitant précisément cette baie vigo n'avez fait devancer travaux d'une société rivale —et laquelle —une société a reçu gouvernement espagnol privilége rechercher galions engloutis actionnaires alléchés l'appât d'un énorme bénéfice car évalue cinq cents millions valeur richesses naufragées —cinq cents millions répondit capitaine nemo plus illustration caisses s'échappaient lingots page 287 —en effet dis-je aussi bon avis actionnaires serait-il acte charité sait pourtant s'il bien reçu joueurs regrettent dessus tout d'ordinaire c'est moins perte argent celle leurs folles espérances plains moins après tout milliers malheureux auxquels tant richesses bien réparties pu profiter tandis qu'elles jamais stériles » n'avais plutôt exprimé regret sentis qu'il dû blesser capitaine nemo « stériles répondit-il s'animant croyez-vous donc monsieur richesses perdues alors c'est ramasse est-ce selon donne peine recueillir trésors dit n'en fais bon usage croyez-vous j'ignore qu'il existe êtres souffrants races opprimées cette terre misérables soulager victimes venger comprenez-vous ... » illustration taillis d'arbres morts page 293 capitaine nemo s'arrêta dernières paroles regrettant peut-être d'avoir trop parlé j'avais deviné quels motifs l'avaient forcé chercher l'indépendance sous mers avant tout resté homme cœur palpitait encore souffrances l'humanité immense charité s'adressait races asservies comme individus compris alors destinés millions expédiés capitaine nemo lorsque _nautilus_ naviguait eaux crète insurgée
32,Chapter 33,ix continent disparu lendemain matin 19 février vis entrer canadien chambre j'attendais visite l'air très-désappointé « eh bien monsieur dit-il —eh bien ned hasard s'est mis contre hier —oui a fallu damné capitaine s'arrêtât précisément l'heure où allions fuir bateau —oui ned affaire chez banquier —son banquier —ou plutôt maison banque j'entends là cet océan où richesses plus sûreté qu'elles caisses d'un état. » racontai alors canadien incidents veille secret espoir ramener l'idée point abandonner capitaine récit n'eut d'autre résultat regret énergiquement exprimé ned n'avoir pu faire compte promenade champ bataille vigo « enfin dit-il tout n'est fini n'est qu'un coup harpon perdu autre fois réussirons dès soir s'il faut ... —quelle direction _nautilus_ demandai-je —je l'ignore répondit ned —eh bien midi verrons point. » canadien retourna près conseil dès habillé passai salon compas n'était rassurant route _nautilus_ sud-sud-ouest tournions dos l'europe j'attendis certaine impatience point reporté carte vers onze heures demie réservoirs vidèrent appareil remonta surface l'océan m'élançai vers plate-forme ned land précédé plus terres vue rien mer immense quelques voiles l'horizon celles sans doute vont chercher jusqu'au cap san-roque vents favorables doubler cap bonne-espérance temps couvert coup vent préparait ned rageant essayait percer l'horizon brumeux espérait encore derrière tout brouillard s'étendait cette terre si désirée a midi soleil montra instant second profita cette éclaircie prendre hauteur puis mer devenant plus houleuse redescendîmes panneau refermé heure après lorsque consultai carte vis position _nautilus_ indiquée 16° 17′ longitude 33° 22′ latitude cent cinquante lieues côte plus rapprochée moyen songer fuir laisse penser quelles colères canadien quand fis connaître situation compte désolai outre-mesure sentis comme soulagé poids m'oppressait pus reprendre sorte calme relatif travaux habituels soir vers onze heures reçus visite très-inattendue capitaine nemo demanda fort gracieusement si sentais fatigué d'avoir veillé nuit précédente répondis négativement « alors monsieur aronnax proposerai curieuse excursion —proposez capitaine —vous n'avez encore visité fonds sous-marins jour sous clarté soleil conviendrait-il voir nuit obscure —très-volontiers —cette promenade fatigante préviens faudra marcher longtemps gravir montagne chemins très bien entretenus —ce dites là capitaine redouble curiosité prêt suivre —venez donc monsieur professeur allons revêtir scaphandres. » arrivé vestiaire vis ni compagnons ni aucun homme l'équipage devait suivre pendant cette excursion capitaine nemo m'avait proposé d'emmener ned conseil quelques instants revêtu appareils plaça dos réservoirs abondamment chargés d'air lampes électriques n'étaient préparées fis observer capitaine « elles inutiles » répondit-il crus avoir mal entendu pus réitérer observation car tête capitaine déjà disparu enveloppe métallique j'achevai harnacher sentis qu'on plaçait main bâton ferré quelques minutes plus tard après manœuvre habituelle prenions pied fond l'atlantique profondeur trois cents mètres minuit approchait eaux profondément obscures capitaine nemo montra lointain point rougeâtre sorte large lueur brillait deux milles environ _nautilus_ qu'était feu quelles matières l'alimentaient pourquoi comment revivifiait masse liquide n'aurais pu dire tout cas éclairait vaguement vrai m'accoutumai bientôt ténèbres particulières compris cette circonstance l'inutilité appareils ruhmkorff capitaine nemo marchions l'un près l'autre directement feu signalé sol plat montait insensiblement faisions larges enjambées aidant bâton marche lente somme car pieds s'enfonçaient souvent sorte vase pétrie algues semée pierres plates tout avançant j'entendais sorte grésillement au-dessus tête bruit redoublait parfois produisait comme pétillement continu j'en compris bientôt cause c'était pluie tombait violemment crépitant surface flots instinctivement pensée vint j'allais être trempé l'eau milieu l'eau pus m'empêcher rire cette idée baroque tout dire sous l'épais habit scaphandre sent plus liquide élément l'on croit milieu d'une atmosphère peu plus dense l'atmosphère terrestre voilà tout après demi-heure marche sol devint rocailleux méduses crustacés microscopiques pennatules l'éclairaient légèrement lueurs phosphorescentes j'entrevoyais monceaux pierres couvraient quelques millions zoophytes fouillis d'algues pied glissait souvent visqueux tapis varech sans bâton ferré tombé plus d'une fois retournant voyais toujours fanal blanchâtre _nautilus_ commençait pâlir l'éloignement amoncellements pierreux dont viens parler disposés fond océanique suivant certaine régularité m'expliquais j'apercevais gigantesques sillons perdaient l'obscurité lointaine dont longueur échappait toute évaluation d'autres particularités présentaient aussi savais admettre semblait lourdes semelles plomb écrasaient litière d'ossements craquaient bruit sec qu'était donc cette vaste plaine parcourais ainsi j'aurais voulu interroger capitaine langage signes permettait causer compagnons lorsqu'ils suivaient excursions sous-marines encore incompréhensible cependant clarté rougeâtre guidait s'accroissait enflammait l'horizon présence foyer sous eaux m'intriguait plus haut degré était-ce quelque effluence électrique manifestait allais-je vers phénomène naturel encore inconnu savants terre où —car cette pensée traversa cerveau —la main l'homme intervenait-elle cet embrasement soufflait-elle cet incendie devais-je rencontrer sous couches profondes compagnons amis capitaine nemo vivant comme cette existence étrange auxquels allait rendre visite trouverais-je là-bas toute colonie d'exilés las misères terre cherché trouvé l'indépendance plus profond l'océan toutes idées folles inadmissibles poursuivaient cette disposition d'esprit surexcité sans cesse série merveilles passaient sous yeux n'aurais surpris rencontrer fond cette mer villes sous-marines rêvait capitaine nemo route s'éclairait plus plus lueur blanchissante rayonnait sommet d'une montagne haute huit cents pieds environ j'apercevais n'était qu'une simple réverbération développée cristal couches d'eau foyer source cette inexplicable clarté occupait versant opposé montagne milieu dédales pierreux sillonnaient fond l'atlantique capitaine nemo s'avançait sans hésitation connaissait cette sombre route l'avait souvent parcourue sans doute pouvait perdre suivais confiance inébranlable m'apparaissait comme génies mer quand marchait devant j'admirais haute stature découpait noir fond lumineux l'horizon heure matin arrivés premières rampes montagne aborder fallut s'aventurer sentiers difficiles d'un vaste taillis oui taillis d'arbres morts sans feuilles sans séve arbres minéralisés sous l'action eaux dominaient çà là pins gigantesques c'était comme houillère encore debout tenant racines sol effondré dont ramure manière fines découpures papier noir dessinait nettement plafond eaux l'on figure forêt hartz accrochée flancs d'une montagne forêt engloutie sentiers encombrés d'algues fucus entre lesquels grouillait monde crustacés j'allais gravissant rocs enjambant troncs étendus brisant lianes mer balançaient d'un arbre l'autre effarouchant poissons volaient branche branche entraîné sentais plus fatigue suivais guide fatiguait quel spectacle comment rendre comment peindre l'aspect bois rochers milieu liquide leurs dessous sombres farouches leurs dessus colorés tons rouges sous cette clarté doublait puissance réverbérante eaux gravissions rocs s'éboulaient ensuite pans énormes sourd grondement d'avalanche a droite gauche creusaient ténébreuses galeries où perdait regard ici s'ouvraient vastes clairières main l'homme semblait avoir dégagées demandais parfois si quelque habitant régions sous-marines n'allait tout coup m'apparaître capitaine nemo montait toujours voulais rester arrière suivais hardiment bâton prêtait utile secours faux dangereux étroites passes évidées flancs gouffres marchais d'un pied ferme sans ressentir l'ivresse vertige tantôt sautais crevasse dont profondeur m'eût fait reculer milieu glaciers terre tantôt m'aventurais tronc vacillant arbres jetés d'un abîme l'autre sans regarder sous pieds n'ayant yeux admirer sites sauvages cette région là rocs monumentaux penchant leurs bases irrégulièrement découpées semblaient défier lois l'équilibre entre leurs genoux pierre arbres poussaient comme jet sous pression formidable soutenaient ceux soutenaient eux-mêmes puis tours naturelles larges pans taillés pic comme courtines s'inclinaient sous angle lois gravitation n'eussent autorisé surface régions terrestres moi-même sentais-je cette différence due puissante densité l'eau quand malgré lourds vêtements tête cuivre semelles métal m'élevais pentes d'une impraticable raideur franchissant ainsi dire légèreté d'un isard d'un chamois récit fais cette excursion sous eaux sens bien pourrai être vraisemblable l'historien choses d'apparence impossibles pourtant réelles incontestables n'ai point rêvé j'ai vu senti deux heures après avoir quitté _nautilus_ franchi ligne arbres cent pieds au-dessus têtes dressait pic montagne dont projection faisait ombre l'éclatante irradiation versant opposé quelques arbrisseaux pétrifiés couraient çà là zigzags grimaçants poissons levaient masse sous comme oiseaux surpris hautes herbes masse rocheuse creusée d'impénétrables anfractuosités grottes profondes d'insondables trous fond desquels j'entendais remuer choses formidables sang refluait jusqu'au cœur quand j'apercevais antenne énorme barrait route quelque pince effrayante refermant bruit l'ombre cavités milliers points lumineux brillaient milieu ténèbres c'étaient yeux crustacés gigantesques tapis tanière homards géants redressant comme hallebardiers remuant leurs pattes cliquetis ferraille crabes titanesques braqués comme canons leurs affûts poulpes effroyables entrelaçant leurs tentacules comme broussaille vivante serpents quel monde exorbitant connaissais encore a quel ordre appartenaient articulés auxquels roc formait comme seconde carapace où nature avait-elle trouvé secret existence végétative depuis combien siècles vivaient-ils ainsi dernières couches l'océan pouvais m'arrêter capitaine nemo familiarisé terribles animaux prenait plus garde arrivés premier plateau où d'autres surprises m'attendaient encore là dessinaient pittoresques ruines trahissaient main l'homme non plus celle créateur c'étaient vastes amoncellements pierres où l'on distinguait vagues formes châteaux temples revêtus d'un monde zoophytes fleurs auxquels lieu lierre algues fucus faisaient épais manteau végétal qu'était donc cette portion globe engloutie cataclysmes disposé roches pierres comme dolmens temps anté-historiques où étais-je où m'avait entraîné fantaisie capitaine nemo j'aurais voulu l'interroger pouvant l'arrêtai saisis bras secouant tête montrant dernier sommet montagne sembla dire « viens viens encore viens toujours » suivis dernier élan quelques minutes j'eus gravi pic dominait d'une dizaine mètres toute cette masse rocheuse regardai côté venions franchir montagne s'élevait sept huit cents pieds au-dessus plaine versant opposé dominait d'une hauteur double fond contre-bas cette portion l'atlantique regards s'étendaient loin embrassaient vaste espace éclairé fulguration violente effet c'était volcan cette montagne a cinquante pieds au-dessous pic milieu d'une pluie pierres scories large cratère vomissait torrents lave dispersaient cascade feu sein masse liquide ainsi posé volcan comme immense flambeau éclairait plaine inférieure jusqu'aux dernières limites l'horizon illustration homards géants crabes titanesques page 293 j'ai dit cratère sous-marin rejetait laves non flammes faut flammes l'oxygène l'air elles sauraient développer sous eaux coulées lave elles principe incandescence peuvent porter rouge blanc lutter victorieusement contre l'élément liquide vaporiser contact rapides courants entraînaient tous gaz diffusion torrents laviques glissaient jusqu'au bas montagne comme déjections vésuve autre torre del greco illustration là sous yeux apparaissait ville détruite page 297 effet là sous yeux ruinée abîmée jetée bas apparaissait ville détruite toits effondrés temples abattus arcs disloqués colonnes gisant terre où l'on sentait encore solides proportions d'une sorte d'architecture toscane plus loin quelques restes d'un gigantesque aqueduc ici l'exhaussement empâté d'une acropole formes flottantes d'un parthénon là vestiges quai comme si quelque antique port abrité jadis bords d'un océan disparu vaisseaux marchands trirèmes guerre plus loin encore longues lignes murailles écroulées larges rues désertes toute pompéi enfouie sous eaux capitaine nemo ressuscitait regards où étais-je où étais-je voulais savoir tout prix voulais parler voulais arracher sphère cuivre emprisonnait tête capitaine nemo vint m'arrêta d'un geste puis ramassant morceau pierre crayeuse s'avança vers roc basalte noire traça seul mot atlantide quel éclair traversa esprit l'atlantide l'ancienne méropide théopompe l'atlantide platon continent nié origène porphyre jamblique d'anville malte-brun humboldt mettaient disparition compte récits légendaires admis possidonius pline ammien-marcellin tertullien engel sherer tournefort buffon d'avezac l'avais là sous yeux portant encore irrécusables témoignages catastrophe c'était donc cette région engloutie existait dehors l'europe l'asie libye au-delà colonnes d'hercule où vivait peuple puissant atlantes contre lequel firent premières guerres l'ancienne grèce l'historien a consigné écrits hauts faits temps héroïques c'est platon lui-même dialogue timée critias a ainsi dire tracé sous l'inspiration solon poëte législateur jour solon s'entretenait quelques sages vieillards saïs ville déjà vieille huit cents ans ainsi témoignaient annales gravées mur sacré temples l'un vieillards raconta l'histoire d'une autre ville plus ancienne mille ans cette première cité athénienne âgée neuf cents siècles envahie partie détruite atlantes atlantes disait-il occupaient continent immense plus grand l'afrique l'asie réunies couvrait surface comprise douzième degré latitude quarantième degré nord domination s'étendait l'égypte voulurent l'imposer jusqu'en grèce durent retirer devant l'indomptable résistance hellènes siècles s'écoulèrent cataclysme produisit inondations tremblements terre nuit jour suffirent l'anéantissement cette atlantide dont plus hauts sommets madère açores canaries îles cap vert émergent encore tels souvenirs historiques l'inscription capitaine nemo faisait palpiter esprit ainsi donc conduit plus étrange destinée foulais pied l'une montagnes continent touchais main ruines mille fois séculaires contemporaines époques géologiques marchais là où marché contemporains premier homme j'écrasais sous lourdes semelles squelettes d'animaux temps fabuleux arbres maintenant minéralisés couvraient autrefois ombre ah pourquoi temps manquait-il j'aurais voulu descendre pentes abruptes cette montagne parcourir entier continent immense sans doute reliait l'afrique l'amérique visiter grandes cités antédiluviennes là peut-être sous regards s'étendaient makhimos guerrière eusebès pieuse dont gigantesques habitants vivaient siècles entiers auxquels force manquait entasser blocs résistaient encore l'action eaux jour peut-être quelque phénomène éruptif ramènera surface flots ruines englouties a signalé nombreux volcans sous-marins cette portion l'océan bien navires senti secousses extraordinaires passant fonds tourmentés uns entendu bruits sourds annonçaient lutte profonde éléments autres recueilli cendres volcaniques projetées hors mer tout sol jusqu l'équateur encore travaillé forces plutoniennes sait si époque éloignée accrus déjections volcaniques couches successives laves sommets montagnes ignivomes n'apparaîtront surface l'atlantique pendant rêvais ainsi tandis cherchais fixer souvenir tous détails paysage grandiose capitaine nemo accoudé stèle moussue demeurait immobile comme pétrifié muette extase songeait-il générations disparues demandait-il secret destinée humaine était-ce cette place cet homme étrange venait retremper souvenirs l'histoire revivre cette vie antique voulait vie moderne n'aurais-je donné connaître pensées partager comprendre restâmes cette place pendant heure entière contemplant vaste plaine sous l'éclat laves prenaient parfois intensité surprenante bouillonnements intérieurs faisaient courir rapides frissonnements l'écorce montagne bruits profonds nettement transmis milieu liquide répercutaient majestueuse ampleur moment lune apparut instant travers masse eaux jeta quelques pâles rayons continent englouti qu'une lueur d'un indescriptible effet capitaine leva jeta dernier regard cette immense plaine puis main fit signe suivre descendîmes rapidement montagne forêt minérale fois dépassée j'aperçus fanal _nautilus_ brillait comme étoile capitaine marcha droit rentrés bord moment où premières teintes l'aube blanchissaient surface l'océan
33,Chapter 34,x houillères sous-marines lendemain 20 février réveillais fort tard fatigues nuit prolongé sommeil jusqu onze heures m'habillai promptement j'avais hâte connaître direction _nautilus_ instruments m'indiquèrent qu'il courait toujours vers sud vitesse vingt milles l'heure profondeur cent mètres conseil entra racontai excursion nocturne panneaux ouverts put encore entrevoir partie continent submergé effet _nautilus_ rasait dix mètres sol seulement plaine l'atlantide filait comme ballon emporté vent au-dessus prairies terrestres plus vrai dire salon comme wagon d'un train express premiers plans passaient devant yeux c'étaient rocs découpés fantastiquement forêts d'arbres passés règne végétal règne animal dont l'immobile silhouette grimaçait sous flots c'étaient aussi masses pierreuses enfouies sous tapis d'axidies d'anémones hérissées longues hydrophytes verticales puis blocs laves étrangement contournés attestaient toute fureur expansions plutoniennes tandis sites bizarres resplendissaient sous feux électriques racontais conseil l'histoire atlantes point vue purement imaginaire inspirèrent bailly tant pages charmantes disais guerres peuples héroïques discutais question l'atlantide homme peut plus douter conseil distrait m'écoutait peu indifférence traiter point historique bientôt expliquée effet nombreux poissons attiraient regards quand passaient poissons conseil emporté abîmes classification sortait monde réel cas n'avais plus suivre reprendre études ichthyologiques reste poissons l'atlantique différaient sensiblement ceux observés jusqu'ici c'étaient raies d'une taille gigantesque longues cinq mètres douées d'une grande force musculaire permet s'élancer au-dessus flots squales d'espèces diverses entre autres glauque quinze pieds dents triangulaires aiguës transparence rendait presque invisible milieu eaux sagres bruns humantins forme prismes cuirassés d'une peau tuberculeuse esturgeons semblables leurs congénères méditerranée syngnathes-trompettes longs d'un pied demi jaune-brun pourvus petites nageoires grises sans dents ni langue défilaient comme fins souples serpents parmi poissons osseux conseil nota makaïras noirâtres longs trois mètres armés mâchoire supérieure d'une épée perçante vives couleurs animées connues temps d'aristote sous nom dragons marins aiguillons dorsale rendent très-dangereux saisir puis coryphèmes dos brun rayé petites raies bleues encadré bordure d'or belles dorades chrysostomes-lune sortes disques reflets d'azur éclairés en-dessus rayons solaires formaient comme taches d'argent enfin xyphias-espadons longs huit mètres marchant troupes portant nageoires jaunâtres taillées faux longs glaives six pieds intrépides animaux plutôt herbivores piscivores obéissaient moindre signe leurs femelles comme maris bien stylés tout observant divers échantillons faune marine laissais d'examiner longues plaines l'atlantide parfois capricieux accidents sol obligeaient _nautilus_ ralentir vitesse glissait alors l'adresse d'un cétacé d'étroits étranglements collines si labyrinthe devenait inextricable l'appareil s'élevait alors comme aérostat l'obstacle franchi reprenait course rapide quelques mètres au-dessus fond admirable charmante navigation rappelait manœuvres d'une promenade aérostatique cette différence toutefois _nautilus_ obéissait passivement main timonier vers quatre heures soir terrain généralement composé d'une vase épaisse entremêlée branches minéralisées modifia peu peu devint plus rocailleux parut semé conglomérats tufs basaltiques quelque semis laves d'obsidiennes sulfureuses pensai région montagnes allait bientôt succéder longues plaines effet certaines évolutions _nautilus_ j'aperçus l'horizon méridional barré haute muraille semblait fermer toute issue sommet dépassait évidemment niveau l'océan devait être continent tout moins île canaries îles cap vert point n'ayant fait —à dessein peut-être —j'ignorais position tout cas telle muraille parut marquer fin cette atlantide dont n'avions parcouru somme qu'une minime portion nuit n'interrompit observations j'étais resté seul conseil regagné cabine _nautilus_ ralentissant allure voltigeait au-dessus masses confuses sol tantôt effleurant comme s'il voulu poser tantôt remontant capricieusement surface flots j'entrevoyais alors quelques vives constellations travers cristal eaux précisément cinq six étoiles zodiacales traînent queue d'orion longtemps encore resté vitre admirant beautés mer ciel quand panneaux refermèrent a moment _nautilus_ arrivé l'aplomb haute muraille comment manœuvrerait-il pouvais deviner regagnai chambre _nautilus_ bougeait plus m'endormis ferme intention réveiller après quelques heures sommeil lendemain huit heures lorsque revins salon regardai manomètre m'apprit _nautilus_ flottait surface l'océan j'entendais d'ailleurs bruit plate-forme cependant aucun roulis trahissait l'ondulation lames supérieures montai jusqu'au panneau ouvert lieu grand jour j'attendais vis environné d'une obscurité profonde où étions-nous m'étais-je trompé faisait-il encore nuit non étoile brillait nuit a ténèbres absolues savais penser quand voix dit « c'est monsieur professeur —ah capitaine nemo répondis-je où sommes-nous —sous terre monsieur professeur —sous terre m'écriai-je _nautilus_ flotte encore —il flotte toujours —mais comprends —attendez quelques instants fanal va s'allumer si aimez situations claires satisfait. » mis pied plate-forme j'attendis l'obscurité si complète n'apercevais capitaine nemo cependant regardant zénith exactement au-dessus tête crus saisir lueur indécise sorte demi-jour emplissait trou circulaire moment fanal s'alluma soudain vif éclat fit évanouir cette vague lumière regardai après avoir instant fermé yeux éblouis jet électrique _nautilus_ stationnaire flottait auprès d'une berge disposée comme quai cette mer supportait moment c'était lac emprisonné cirque murailles mesurait deux milles diamètre six milles tour niveau —le manomètre l'indiquait —ne pouvait être niveau extérieur car communication existait nécessairement entre lac mer hautes parois inclinées base s'arrondissaient voûte figuraient immense entonnoir retourné dont hauteur comptait cinq six cents mètres sommet s'ouvrait orifice circulaire lequel j'avais surpris cette légère clarté évidemment due rayonnement diurne avant d'examiner plus attentivement dispositions intérieures cette énorme caverne avant demander si c'était là l'ouvrage nature l'homme j'allai vers capitaine nemo « où sommes-nous dis-je —au centre d'un volcan éteint répondit capitaine volcan dont mer a envahi l'intérieur suite quelque convulsion sol pendant dormiez monsieur professeur _nautilus_ a pénétré lagon canal naturel ouvert dix mètres au-dessous surface l'océan c'est ici port d'attache port sûr commode mystérieux abrité tous rhumbs vent trouvez-moi côtes continents îles rade vaille refuge assuré contre fureur ouragans —en effet répondis-je ici sûreté capitaine nemo pourrait atteindre centre d'un volcan sommet n'ai-je aperçu ouverture —oui cratère cratère empli jadis laves vapeurs flammes maintenant donne passage cet air vivifiant respirons —mais quelle donc cette montagne volcanique demandai-je —elle appartient nombreux îlots dont cette mer semée simple écueil navires caverne immense hasard a fait découvrir cela hasard a bien servi —mais pourrait-on descendre cet orifice forme cratère volcan —pas plus saurais monter jusqu centaine pieds base intérieure cette montagne praticable au-dessus parois surplombent leurs rampes pourraient être franchies —je vois capitaine nature sert partout toujours sûreté lac nul n'en peut visiter eaux quoi bon refuge _nautilus_ a besoin port illustration _nautilus_ flottait auprès d'une berge page 303 —non monsieur professeur a besoin d'électricité mouvoir d'éléments produire électricité sodium alimenter éléments charbon faire sodium houillères extraire charbon or précisément ici mer recouvre forêts entières enlisées temps géologiques minéralisées maintenant transformées houille elles mine inépuisable —vos hommes capitaine font donc ici métier mineurs —précisément mines s'étendent sous flots comme houillères newcastle c'est ici revêtus scaphandre pic pioche main hommes vont extraire cette houille n'ai demandée mines terre lorsque brûle combustible fabrication sodium fumée s'échappe cratère cette montagne donne encore l'apparence d'un volcan activité illustration risqua vingt fois vie page 309 —et verrons l'œuvre compagnons —non cette fois moins car pressé continuer tour monde sous-marin aussi contenterai-je puiser réserves sodium possède temps embarquer c'est-à-dire jour seulement reprendrons voyage si donc voulez parcourir cette caverne faire tour lagon profitez cette journée monsieur aronnax. » remerciai capitaine j'allai chercher deux compagnons n'avaient encore quitté cabine invitai suivre sans dire où trouvaient montèrent plate-forme conseil s'étonnait rien regarda comme chose très-naturelle réveiller sous montagne après s'être endormi sous flots ned land n'eut d'autre idée chercher si caverne présentait quelque issue après déjeuner vers dix heures descendions berge « voici donc encore fois terre dit conseil —je n'appelle cela « terre » répondit canadien d'ailleurs dessus dessous. » entre pied parois montagne eaux lac développait rivage sablonneux plus grande largeur mesurait cinq cents pieds cette grève pouvait faire aisément tour lac base hautes parois formait sol tourmenté lequel gisaient pittoresque entassement blocs volcaniques d'énormes pierres ponces toutes masses désagrégées recouvertes d'un émail poli sous l'action feux souterrains resplendissaient contact jets électriques fanal poussière micacée rivage soulevaient s'envolait comme nuée d'étincelles sol s'élevait sensiblement s'éloignant relais flots bientôt arrivés rampes longues sinueuses véritables raidillons permettaient s'élever peu peu fallait marcher prudemment milieu conglomérats qu'aucun ciment reliait entre pied glissait trachytes vitreux faits cristaux feldspath quartz nature volcanique cette énorme excavation s'affirmait toutes parts fis observer compagnons — « figurez-vous demandai-je devait être cet entonnoir lorsqu'il s'emplissait laves bouillonnantes niveau liquide incandescent s'élevait jusqu l'orifice montagne comme fonte parois d'un fourneau —je figure parfaitement répondit conseil monsieur dira-t-il pourquoi grand fondeur a suspendu opération comment fait fournaise remplacée eaux tranquilles d'un lac —très-probablement conseil parce quelque convulsion a produit au-dessous surface l'océan cette ouverture a servi passage _nautilus_ alors eaux l'atlantique précipitées l'intérieur montagne a lutte terrible entre deux éléments lutte s'est terminée l'avantage neptune bien siècles écoulés depuis lors volcan submergé s'est changé grotte paisible —très-bien répliqua ned land j'accepte l'explication regrette intérêt cette ouverture dont parle monsieur professeur produite au-dessus niveau mer —mais ami ned répliqua conseil si passage n'eût sous-marin _nautilus_ n'aurait pu pénétrer —et j'ajouterai maître land eaux précipitées sous montagne volcan resté volcan donc regrets superflus. » ascension continua rampes faisaient plus plus raides étroites profondes excavations coupaient parfois qu'il fallait franchir masses surplombantes voulaient être tournées glissait genoux rampait ventre l'adresse conseil force canadien aidant tous obstacles surmontés a hauteur trente mètres environ nature terrain modifia sans qu'il devînt plus praticable conglomérats trachytes succédèrent noirs basaltes ceux-ci étendus nappes toutes grumelées soufflures ceux-là formant prismes réguliers disposés comme colonnade supportait retombées cette voûte immense admirable spécimen l'architecture naturelle puis entre basaltes serpentaient longues coulées laves refroidies incrustées raies bitumineuses places s'étendaient larges tapis soufre jour plus puissant entrant cratère supérieur inondait d'une vague clarté toutes déjections volcaniques jamais ensevelies sein montagne éteinte cependant marche ascensionnelle bientôt arrêtée hauteur deux cent cinquante pieds environ d'infranchissables obstacles voussure intérieure revenait surplomb montée dut changer promenade circulaire a dernier plan règne végétal commençait lutter règne minéral quelques arbustes certains arbres sortaient anfractuosités paroi reconnus euphorbes laissaient couler suc caustique héliotropes très-inhabiles justifier nom puisque rayons solaires n'arrivaient jamais jusqu penchaient tristement leurs grappes fleurs couleurs parfums demi-passés ça là quelques chrysanthèmes poussaient timidement pied d'aloès longues feuilles tristes maladifs entre coulées laves j'aperçus petites violettes encore parfumées d'une légère odeur j'avoue respirai délices parfum c'est l'âme fleur fleurs mer splendides hydrophytes n'ont d'âme arrivés pied d'un bouquet dragonniers robustes écartaient roches sous l'effort leurs musculeuses racines quand ned land s'écria « ah monsieur ruche —une ruche répliquai-je faisant geste parfaite incrédulité —oui ruche répéta canadien abeilles bourdonnent autour. » m'approchai dus rendre l'évidence là l'orifice d'un trou creusé tronc d'un dragonnier quelques milliers ingénieux insectes si communs toutes canaries dont produits particulièrement estimés tout naturellement canadien voulut faire provision miel j'aurais mauvaise grâce opposer certaine quantité feuilles sèches mélangées soufre s'allumèrent sous l'étincelle briquet commença enfumer abeilles bourdonnements cessèrent peu peu ruche éventrée livra plusieurs livres d'un miel parfumé ned land remplit havre-sac — « quand j'aurai mélangé miel pâte l'artocarpus dit-il mesure offrir gâteau succulent —parbleu fit conseil pain d'épice —va pain d'épice dis-je reprenons cette intéressante promenade. » a certains détours sentier suivions alors lac apparaissait toute étendue fanal éclairait entier surface paisible connaissait ni rides ni ondulations _nautilus_ gardait immobilité parfaite plate-forme berge s'agitaient hommes équipage ombres noires nettement découpées milieu cette lumineuse atmosphère moment contournions crête plus élevée premiers plans roches soutenaient voûte vis alors abeilles n'étaient seuls représentants règne animal l'intérieur volcan oiseaux proie planaient tournoyaient çà là l'ombre s'enfuyaient leurs nids perchés pointes roc c'étaient éperviers ventre blanc crécelles criardes pentes détalaient aussi toute rapidité leurs échasses belles grasses outardes laisse penser si convoitise canadien allumée vue gibier savoureux s'il regretta avoir fusil entre mains essaya remplacer plomb pierres après plusieurs essais infructueux parvint blesser magnifiques outardes dire qu'il risqua vingt fois vie s'en emparer n'est vérité pure fit si bien l'animal alla rejoindre sac gâteaux miel dûmes alors redescendre vers rivage car crête devenait impraticable au-dessus cratère béant apparaissait comme large ouverture puits cette place ciel laissait distinguer assez nettement voyais courir nuages échevelés vent d'ouest laissaient traîner jusqu'au sommet montagne leurs brumeux haillons preuve certaine nuages tenaient hauteur médiocre car volcan s'élevait plus huit cents pieds au-dessus niveau l'océan demi-heure après dernier exploit canadien regagné rivage intérieur ici flore représentée larges tapis cette criste-marine petite plante ombellifère très-bonne confire porte aussi noms perce-pierre passe-pierre fenouil-marin conseil récolta quelques bottes quant faune comptait milliers crustacés toutes sortes homards crabes-tourteaux palémons mysis faucheurs galatées nombre prodigieux coquillages porcelaines rochers patelles cet endroit s'ouvrait magnifique grotte compagnons prîmes plaisir étendre sable fin feu poli parois émaillées étincelantes toutes saupoudrées poussière mica ned land tâtait murailles cherchait sonder épaisseur pus m'empêcher sourire conversation mit alors éternels projets d'évasion crus pouvoir sans trop m'avancer donner cette espérance c'est capitaine nemo n'était descendu sud renouveler provision sodium j'espérais donc maintenant rallierait côtes l'europe l'amérique permettrait canadien reprendre plus succès tentative avortée étendus depuis heure cette grotte charmante conversation animée début languissait alors certaine somnolence s'emparait comme voyais aucune raison résister sommeil laissai aller assoupissement profond rêvais —on choisit rêves —je rêvais existence réduisait vie végétative d'un simple mollusque semblait cette grotte formait double valve coquille ... tout d'un coup réveillé voix conseil « alerte alerte criait digne garçon —qu a-t-il demandai-je soulevant demi —l'eau gagne » redressai mer précipitait comme torrent retraite décidément puisque n'étions mollusques fallait sauver illustration mer précipitait comme torrent page 310 quelques instants sûreté sommet grotte « passe-t-il donc demanda conseil quelque nouveau phénomène —eh non amis répondis-je c'est marée n'est marée a failli surprendre comme héros walter scott l'océan gonfle dehors loi toute naturelle d'équilibre niveau lac monte également quittes demi-bain allons changer _nautilus_. » trois quarts d'heure plus tard achevé promenade circulaire rentrions bord hommes l'équipage achevaient moment d'embarquer provisions sodium _nautilus_ pu partir l'instant cependant capitaine nemo donna aucun ordre voulait-il attendre nuit sortir secrètement passage sous-marin peut-être quoi qu'il lendemain _nautilus_ quitté port d'attache naviguait large toute terre quelques mètres au-dessous flots l'atlantique
34,Chapter 35,xi mer sargasses direction _nautilus_ s'était modifiée tout espoir revenir vers mers européennes devait donc être momentanément rejeté capitaine nemo maintenait cap vers sud où entraînait-il n'osais l'imaginer jour-là _nautilus_ traversa singulière portion l'océan atlantique personne n'ignore l'existence grand courant d'eau chaude connu sous nom gulf stream après être sorti canaux floride dirige vers spitzberg avant pénétrer golfe mexique vers quarante-quatrième degré latitude nord courant divise deux bras principal porte vers côtes d'irlande norwége tandis second fléchit vers sud hauteur açores puis frappant rivages africains décrivant ovale allongé revient vers antilles or second bras —c'est plutôt collier qu'un bras —entoure anneaux d'eau chaude cette portion l'océan froide tranquille immobile l'on appelle mer sargasses véritable lac plein atlantique eaux grand courant mettent moins trois ans faire tour mer sargasses proprement parler couvre toute partie immergée l'atlantide certains auteurs admis nombreuses herbes dont semée arrachées prairies cet ancien continent plus probable cependant herbages algues fucus enlevés rivages l'europe l'amérique entraînés jusqu cette zone gulf stream là raisons amenèrent colomb supposer l'existence d'un nouveau monde lorsque navires hardi chercheur arrivèrent mer sargasses naviguèrent non sans peine milieu herbes arrêtaient marche grand effroi équipages perdirent trois longues semaines traverser telle cette région _nautilus_ visitait moment prairie véritable tapis serré d'algues fucus natans raisins tropique si épais si compact l'étrave d'un bâtiment l'eût déchiré sans peine aussi capitaine nemo voulant engager hélice cette masse herbeuse tint-il quelques mètres profondeur au-dessous surface flots nom sargasses vient mot espagnol « sargazzo » signifie varech varech varech-nageur porte-baie forme principalement banc immense voici pourquoi suivant savant maury l'auteur _géographie physique globe_ hydrophytes réunissent paisible bassin l'atlantique « l'explication qu'on peut donner dit-il semble résulter d'une expérience connue tout monde si l'on place vase fragments bouchons corps flottants quelconques l'on imprime l'eau vase mouvement circulaire verra fragments éparpillés réunir groupe centre surface liquide c'est-à-dire point moins agité phénomène occupe vase c'est l'atlantique gulf stream c'est courant circulaire mer sargasses point central où viennent réunir corps flottants. » partage l'opinion maury j'ai pu étudier phénomène milieu spécial où navires pénètrent rarement au-dessus flottaient corps toute provenance entassés milieu herbes brunâtres troncs d'arbres arrachés andes montagnes-rocheuses flottés l'amazone mississipi nombreuses épaves restes quilles carènes bordages défoncés tellement alourdis coquilles anatifes qu'ils pouvaient remonter surface l'océan temps justifiera jour cette autre opinion maury matières ainsi accumulées pendant siècles minéraliseront sous l'action eaux formeront alors d'inépuisables houillères réserve précieuse prépare prévoyante nature moment où hommes épuisé mines continents illustration j'entendais résonner sons l'orgue page 314 milieu cet inextricable tissu d'herbes fucus remarquai charmants alcyons stellés couleurs roses actinies laissaient traîner longue chevelure tentacules méduses vertes rouges bleues particulièrement grandes rhizostomes cuvier dont l'ombrelle bleuâtre bordée d'un feston violet toute cette journée 22 février passa mer sargasses où poissons amateurs plantes marines crustacés trouvent abondante nourriture lendemain l'océan repris aspect accoutumé depuis moment pendant dix-neuf jours 23 février 12 mars _nautilus_ tenant milieu l'atlantique emporta vitesse constante cent lieues vingt-quatre heures capitaine nemo voulait évidemment accomplir programme sous-marin doutais qu'il songeât après avoir doublé cap horn revenir vers mers australes pacifique ned land donc raison craindre larges mers privées d'îles fallait plus tenter quitter bord nul moyen non plus s'opposer volontés capitaine nemo seul parti soumettre qu'on devait plus attendre force ruse j'aimais penser qu'on pourrait l'obtenir persuasion voyage terminé capitaine nemo consentirait-il rendre liberté sous serment jamais révéler existence serment d'honneur tenu fallait traiter cette délicate question capitaine or serais-je bien venu réclamer cette liberté lui-même n'avait-il déclaré dès début d'une façon formelle secret vie exigeait emprisonnement perpétuel bord _nautilus_ silence depuis quatre mois devait-il paraître acceptation tacite cette situation revenir sujet n'aurait-il résultat donner soupçons pourraient nuire projets si quelque circonstance favorable présentait plus tard reprendre toutes raisons pesais retournais esprit soumettais conseil n'était moins embarrassé somme bien facile décourager comprenais chances jamais revoir semblables diminuaient jour jour surtout moment où capitaine nemo courait téméraire vers sud l'atlantique pendant dix-neuf jours j'ai mentionnés plus haut aucun incident particulier signala voyage vis peu capitaine travaillait bibliothèque trouvais souvent livres qu'il laissait entr'ouverts surtout livres d'histoire naturelle ouvrage fonds sous-marins feuilleté couvert notes marge contredisaient parfois théories systèmes capitaine contentait d'épurer ainsi travail rare qu'il discutât quelquefois j'entendais résonner sons mélancoliques orgue dont jouait beaucoup d'expression nuit seulement milieu plus secrète obscurité lorsque _nautilus_ s'endormait déserts l'océan pendant cette partie voyage naviguâmes journées entières surface flots mer comme abandonnée a peine quelques navires voiles charge indes dirigeant vers cap bonne-espérance jour poursuivis embarcations d'un baleinier prenait sans doute quelque énorme baleine d'un haut prix capitaine nemo voulut faire perdre braves gens temps leurs peines termina chasse plongeant sous eaux cet incident paru vivement intéresser ned land crois tromper disant canadien dû regretter cétacé tôle pût être frappé mort harpon pêcheurs poissons observés conseil pendant cette période différaient peu ceux déjà étudiés sous d'autres latitudes principaux quelques échantillons terrible genre cartilagineux divisé trois sous-genres comptent moins trente-deux espèces squales-galonnés longs cinq mètres tête déprimée plus large corps nageoire caudale arrondie dont dos porte sept grandes bandes noires parallèles longitudinales puis squales-perlons gris-cendrés percés sept ouvertures branchiales pourvus d'une seule nageoire dorsale placée peu près vers milieu corps passaient aussi grands chiens mer poissons voraces s'il a droit point croire récits pêcheurs voici qu'ils racontent a trouvé corps l'un animaux tête buffle veau tout entier autre deux thons matelot uniforme autre soldat sabre autre enfin cheval cavalier tout ceci vrai dire n'est article foi toujours est-il qu'aucun animaux laissa prendre filets _nautilus_ pus vérifier voracité troupes élégantes folâtres dauphins accompagnèrent pendant jours entiers allaient bandes cinq six chassant meute comme loups campagnes d'ailleurs non moins voraces chiens mer si j'en crois professeur copenhague retira l'estomac d'un dauphin treize marsouins quinze phoques c'était vrai épaulard appartenant plus grande espèce connue dont longueur dépasse quelquefois vingt-quatre pieds cette famille delphiniens compte dix genres ceux j'aperçus tenaient genre delphinorinques remarquables museau excessivement étroit quatre fois long comme crâne corps mesurant trois mètres noir dessus dessous d'un blanc rosé semé petites taches très-rares citerai aussi mers curieux échantillons poissons l'ordre acanthoptérigiens famille sciénoïdes quelques auteurs —plus poëtes naturalistes —prétendent poissons chantent mélodieusement leurs voix réunies forment concert qu'un chœur voix humaines saurait égaler dis non sirènes donnèrent aucune sérénade passage regrette terminer enfin conseil classa grande quantité poissons volants rien n'était plus curieux voir dauphins donner chasse précision merveilleuse quelle portée vol quelque trajectoire qu'il décrivît au-dessus _nautilus_ l'infortuné poisson trouvait toujours bouche dauphin ouverte recevoir c'étaient pirapèdes trigles-milans bouche lumineuse pendant nuit après avoir tracé raies feu l'atmosphère plongeaient eaux sombres comme autant d'étoiles filantes jusqu'au 13 mars navigation continua conditions jour-là _nautilus_ employé expériences sondages m'intéressèrent vivement fait alors près treize mille lieues depuis départ hautes mers pacifique point mettait 43° 37′ latitude sud 37° 53′ longitude ouest c'étaient mêmes parages où capitaine denham l'_hérald_ fila quatorze mille mètres sonde sans trouver fond là aussi lieutenant parcker frégate américaine _congress_ n'avait pu atteindre sol sous-marin quinze mille cent quarante mètres capitaine nemo résolut d'envoyer _nautilus_ plus extrême profondeur fin contrôler différents sondages préparai noter tous résultats l'expérience panneaux salon ouverts manœuvres commencèrent atteindre couches si prodigieusement reculées pense bien qu'il question plonger remplissant réservoirs peut-être n'eussent-ils pu accroître suffisamment pesanteur spécifique _nautilus_ d'ailleurs remonter fallu chasser cette surcharge d'eau pompes n'auraient assez puissantes vaincre pression extérieure capitaine nemo résolut d'aller chercher fond océanique diagonale suffisamment allongée moyen plans latéraux placés sous angle quarante cinq degrés lignes d'eau _nautilus_ puis l'hélice portée maximum vitesse quadruple branche battit flots indescriptible violence sous cette poussée puissante coque _nautilus_ frémit comme corde sonore s'enfonça régulièrement sous eaux capitaine postés salon suivions l'aiguille manomètre déviait rapidement bientôt dépassée cette zone habitable où résident plupart poissons si quelques-uns animaux peuvent vivre surface mers fleuves d'autres moins nombreux tiennent profondeurs assez grandes parmi derniers j'observais l'hexanche espèce chien mer muni six fentes respiratoires télescope yeux énormes malarmat-cuirassé thoracines grises pectorales noires protégeait plastron plaques osseuses d'un rouge pâle puis enfin grenadier vivant douze cents mètres profondeur supportait alors pression cent vingt atmosphères demandai capitaine nemo s'il observé poissons profondeurs plus considérables « poissons répondit-il rarement l'état actuel science présume-t-on sait-on —le voici capitaine sait allant vers basses couches l'océan vie végétale disparaît plus vite vie animale sait là où rencontrent encore êtres animés végète plus seule hydrophyte sait pèlerines huîtres vivent deux mille mètres d'eau mac clintock héros mers polaires a retiré étoile vivante d'une profondeur deux mille cinq cent mètres sait l'équipage _bull-dog_ marine royale a pêché astérie deux mille six cent vingt brasses plus d'une lieue profondeur capitaine nemo peut-être direz qu'on sait rien —non monsieur professeur répondit capitaine n'aurai cette impolitesse toutefois demanderai comment expliquez êtres puissent vivre telles profondeurs —je l'explique deux raisons répondis-je d'abord parce courants verticaux déterminés différences salure densité eaux produisent mouvement suffit entretenir vie rudimentaire encrines astéries —juste fit capitaine —ensuite parce si l'oxygène base vie sait quantité d'oxygène dissous l'eau mer augmente profondeur lieu diminuer pression couches basses contribue comprimer —ah sait cela répondit capitaine nemo d'un légèrement surpris eh bien monsieur professeur a raison savoir car c'est vérité j'ajouterai effet vessie natatoire poissons renferme plus d'azote d'oxygène quand animaux pêchés surface eaux plus d'oxygène d'azote contraire quand tirés grandes profondeurs donne raison système continuons observations. » regards reportèrent manomètre l'instrument indiquait profondeur six mille mètres immersion durait depuis heure _nautilus_ glissant plans inclinés s'enfonçait toujours eaux désertes admirablement transparentes d'une diaphanité rien saurait poindre heure plus tard treize mille mètres —trois lieues quart environ —et fond l'océan laissait pressentir cependant quatorze mille mètres j'aperçus pics noirâtres surgissaient milieu eaux sommets pouvaient appartenir montagnes hautes comme l'hymalaya mont-blanc plus hautes profondeur abîmes demeurait inévaluable _nautilus_ descendit plus bas encore malgré puissantes pressions qu'il subissait sentais tôles trembler sous jointure leurs boulons barreaux s'arquaient cloisons gémissaient vitres salon semblaient gondoler sous pression eaux solide appareil cédé sans doute si ainsi l'avait dit capitaine n'eût capable résister comme bloc plein rasant pentes roches perdues sous eaux j'apercevais encore quelques coquilles serpula spinorbis vivantes certains échantillons d'astéries bientôt derniers représentants vie animale disparurent au-dessous trois lieues _nautilus_ dépassa limites l'existence sous-marine comme fait ballon s'élève airs au-dessus zones respirables atteint profondeur seize mille mètres —quatre lieues —et flancs _nautilus_ supportaient alors pression seize cents atmosphères c'est-à-dire seize cents kilogrammes chaque centimètre carré surface « quelle situation m'écriai-je parcourir régions profondes où l'homme n'est jamais parvenu voyez capitaine voyez rocs magnifiques grottes inhabitées derniers réceptacles globe où vie n'est plus possible quels sites inconnus pourquoi faut-il réduits n'en conserver souvenir —vous plairait-il demanda capitaine nemo d'en rapporter mieux souvenir —que voulez-vous dire paroles —je veux dire rien n'est plus facile prendre vue photographique cette région sous-marine » n'avais temps d'exprimer surprise causait cette nouvelle proposition appel capitaine nemo objectif apporté salon panneaux largement ouverts milieu liquide éclairé électriquement distribuait clarté parfaite nulle ombre nulle dégradation lumière factice soleil n'eût plus favorable opération cette nature _nautilus_ sous poussée hélice maîtrisée l'inclinaison plans demeurait immobile l'instrument braqué sites fond océanique quelques secondes obtenu négatif d'une extrême pureté c'est l'épreuve positive j'en donne ici voit roches primordiales n'ont jamais connu lumière cieux granits inférieurs forment puissante assise globe grottes profondes évidées masse pierreuse profils d'une incomparable netteté dont trait terminal détache noir comme s'il dû pinceau certains artistes flamands puis au-delà horizon montagnes admirable ligne ondulée compose arrières-plans paysage puis décrire cet ensemble roches lisses noires polies sans mousse sans tache formes étrangement découpées solidement établies tapis sable étincelait sous jets lumière électrique cependant capitaine nemo après avoir terminé opération m'avait dit « remontons monsieur professeur faut abuser cette situation ni exposer trop longtemps _nautilus_ pareilles pressions —remontons répondis-je —tenez-vous bien. » n'avais encore temps comprendre pourquoi capitaine faisait cette recommandation quand précipité tapis hélice embrayée signal capitaine plans dressés verticalement _nautilus_ emporté comme ballon airs s'enlevait rapidité foudroyante coupait masse eaux frémissement sonore aucun détail n'était visible quatre minutes franchi quatre lieues séparaient surface l'océan après avoir émergé comme poisson volant retombait faisant jaillir flots prodigieuse hauteur illustration c'est l'épreuve positive j'en donne ici page 319
35,Chapter 36,xii cachalots baleines pendant nuit 13 14 mars _nautilus_ reprit direction vers sud pensais hauteur cap horn mettrait cap l'ouest afin rallier mers pacifique d'achever tour monde n'en fit rien continua remonter vers régions australes où voulait-il donc aller pôle c'était insensé commençai croire témérités capitaine justifiaient suffisamment appréhensions ned land illustration quand ned rencontrait capitaine ..... page 321 canadien depuis quelque temps parlait plus projets fuite devenu moins communicatif presque silencieux voyais combien cet emprisonnement prolongé pesait sentais s'amassait colère lorsqu'il rencontrait capitaine yeux s'allumaient d'un feu sombre craignais toujours violence naturelle portât quelque extrémité jour-là 14 mars conseil vinrent trouver chambre demandai raison visite « simple question poser monsieur répondit canadien —parlez ned —combien d'hommes croyez-vous qu'il bord _nautilus_ —je saurais dire ami —il semble reprit ned land manœuvre nécessite nombreux équipage —en effet répondis-je conditions où trouve dizaine d'hommes plus doivent suffire manœuvrer —eh bien dit canadien pourquoi aurait-il davantage —pourquoi » répliquai-je regardai fixement ned land dont intentions faciles deviner « parce dis-je si j'en crois pressentiments si j'ai bien compris l'existence capitaine _nautilus_ n'est seulement navire doit être lieu refuge ceux comme commandant rompu toute relation terre —peut-être dit conseil enfin _nautilus_ peut contenir qu'un certain nombre d'hommes monsieur pourrait-il évaluer maximum —comment cela conseil —par calcul donnée capacité navire monsieur connaît conséquent quantité d'air qu'il renferme sachant d'autre part chaque homme dépense l'acte respiration comparant résultats nécessité où _nautilus_ remonter toutes vingt-quatre heures ... » phrase conseil n'en finissait vis bien où voulait venir « comprends dis-je calcul-là facile établir d'ailleurs peut donner qu'un chiffre très-incertain —n'importe reprit ned land insistant —voici calcul répondis-je chaque homme dépense heure l'oxygène contenu cent litres d'air vingt-quatre heures l'oxygène contenu deux mille quatre cents litres faut donc chercher combien fois _nautilus_ renferme deux mille quatre cent litres d'air —précisément dit conseil —or repris-je capacité _nautilus_ quinze cents tonneaux celle tonneau mille litres _nautilus_ renferme quinze cent mille litres d'air divisés deux mille quatre cents ... » calculai rapidement crayon « ... donnent quotient six cent vingt-cinq revient dire l'air contenu _nautilus_ pourrait rigoureusement suffire six cent vingt-cinq hommes pendant vingt-quatre heures —six cent vingt-cinq répéta ned —mais tenez certain ajoutai-je tant passagers marins officiers formons dixième partie chiffre —c'est encore trop trois hommes murmura conseil —donc pauvre ned puis conseiller patience —et mieux patience répondit conseil résignation. » conseil employé mot juste « après tout reprit-il capitaine nemo peut aller toujours sud faudra bien qu'il s'arrête fût-ce devant banquise qu'il revienne vers mers plus civilisées alors temps reprendre projets ned land. » canadien secoua tête passa main front répondit retira « monsieur permette faire observation dit alors conseil pauvre ned pense tout qu'il peut avoir tout revient vie passée tout semble regrettable interdit anciens souvenirs l'oppressent a cœur gros faut comprendre qu'est-ce qu'il a faire ici rien n'est savant comme monsieur saurait prendre goût choses admirables mer risquerait tout pouvoir entrer taverne pays » certain monotonie bord devait paraître insupportable canadien habitué vie libre active événements pouvaient passionner rares cependant jour-là incident vint rappeler beaux jours harponneur vers onze heures matin surface l'océan _nautilus_ tomba milieu d'une troupe baleines rencontre surprit car savais animaux chassés outrance réfugiés bassins hautes latitudes rôle joué baleine monde marin influence découvertes géographiques considérables c'est entraînant suite basques d'abord puis asturiens anglais hollandais enhardit contre dangers l'océan conduisit d'une extrémité terre l'autre baleines aiment fréquenter mers australes boréales d'anciennes légendes prétendent cétacés amenèrent pêcheurs jusqu sept lieues seulement pôle nord si fait faux vrai jour c'est probablement ainsi chassant baleine légions arctiques antarctiques hommes atteindront point inconnu globe assis plate-forme mer tranquille mois d'octobre latitudes donnait belles journées d'automne canadien —il pouvait tromper —qui signala baleine l'horizon l'est regardant attentivement voyait dos noirâtre s'élever s'abaisser alternativement au-dessus flots cinq milles _nautilus_ « ah s'écria ned land si j'étais bord d'un baleinier voilà rencontre ferait plaisir c'est animal grande taille voyez quelle puissance évents rejettent colonnes d'air vapeur mille diables pourquoi faut-il enchaîné morceau tôle —quoi ned répondis-je n'êtes encore revenu vieilles idées pêche —est-ce qu'un pêcheur baleines monsieur peut oublier ancien métier est-ce qu'on lasse jamais émotions d'une pareille chasse —vous n'avez jamais pêché mers ned —jamais monsieur mers boréales seulement autant détroit bering celui davis —alors baleine australe encore inconnue c'est baleine franche chassée jusqu'ici hasarderait passer eaux chaudes l'équateur —ah monsieur professeur dites-vous là répliqua canadien d'un passablement incrédule —je dis —par exemple parle soixante-cinq voilà deux ans demi j'ai amariné près groenland baleine portait encore flanc harpon poinçonné d'un baleinier bering or demande comment après avoir frappé l'ouest l'amérique l'animal venu faire tuer l'est s'il n'avait après avoir doublé cap horn cap bonne espérance franchi l'équateur —je pense comme l'ami ned dit conseil j'attends répondra monsieur —monsieur répondra amis baleines localisées suivant leurs espèces certaines mers qu'elles quittent si l'un animaux venu détroit bering celui davis c'est tout simplement parce qu'il existe passage d'une mer l'autre côtes l'amérique celles l'asie —faut-il croire demanda canadien fermant œil —il faut croire monsieur répondit conseil —dès-lors reprit canadien puisque n'ai jamais pêché parages connais point baleines fréquentent —je l'ai dit ned —raison plus faire connaissance répliqua conseil —voyez voyez s'écria canadien voix émue s'approche vient nargue sait peux rien contre » ned frappait pied main frémissait brandissant harpon imaginaire « cétacés demanda-t-il sont-ils aussi gros ceux mers boréales —a peu près ned —c'est j'ai vu grosses baleines monsieur baleines mesuraient jusqu cent pieds longueur laissé dire hullamock l'umgallick îles aléoutiennes dépassaient quelquefois cent cinquante pieds —ceci paraît exagéré répondis-je animaux baleinoptères pourvus nageoires dorsales cachalots généralement plus petits baleine franche —ah s'écria canadien dont regards quittaient l'océan rapproche vient eaux _nautilus_ » puis reprenant conversation « parlez dit-il cachalot comme d'une petite bête cite cependant cachalots gigantesques cétacés intelligents quelques-uns dit-on couvrent d'algues fucus prend îlots campe dessus installe fait feu ... —on bâtit maisons dit conseil —oui farceur répondit ned land puis beau jour l'animal plonge entraîne tous habitants fond l'abîme —comme voyages simbad marin répliquai-je riant —ah maître land paraît aimez histoires extraordinaires quels cachalots vôtres j'espère croyez —monsieur naturaliste répondit sérieusement canadien faut tout croire part baleines —comme marche celle-ci comme dérobe —on prétend animaux-là peuvent faire tour monde quinze jours —je dis non —mais savez sans doute monsieur aronnax c'est commencement monde baleines filaient plus rapidement encore —ah vraiment ned pourquoi cela —parce qu'alors elles queue travers comme poissons c'est-à-dire cette queue comprimée verticalement frappait l'eau gauche droite droite gauche créateur s'apercevant qu'elles marchaient trop vite tordit queue depuis temps-là elles battent flots haut bas détriment rapidité —bon ned dis-je reprenant expression canadien faut-il croire —pas trop répondit ned land plus si disais qu'il existe baleines longues trois cents pieds pesant cent mille livres —c'est beaucoup effet dis-je cependant faut avouer certains cétacés acquièrent développement considérable puisque dit-on fournissent jusqu cent vingt tonnes d'huile —pour ça l'ai vu dit canadien —je crois volontiers ned comme crois certaines baleines égalent grosseur cent éléphants jugez effets produits telle masse lancée toute vitesse —est-il vrai demanda conseil qu'elles peuvent couler navires —des navires crois répondis-je raconte cependant qu'en 1820 précisément mers sud baleine précipita l'_essex_ fit reculer vitesse quatre mètres seconde lames pénétrèrent l'arrière l'_essex_ sombra presque aussitôt. » ned regarda d'un air narquois « compte dit-il j'ai reçu coup queue baleine —dans canot cela va sans dire compagnons lancés hauteur six mètres auprès baleine monsieur professeur mienne n'était qu'un baleineau —est-ce animaux-là vivent longtemps demanda conseil —mille ans répondit canadien sans hésiter —et comment savez-vous ned —parce qu'on dit —et pourquoi dit-on —parce qu'on sait —non ned sait suppose voici raisonnement lequel s'appuie a quatre cents ans lorsque pêcheurs chassèrent première fois baleines animaux taille supérieure celle qu'ils acquièrent aujourd'hui suppose donc assez logiquement l'infériorité baleines actuelles vient qu'elles n'ont temps d'atteindre complet développement c'est a fait dire buffon cétacés pouvaient devaient vivre mille ans entendez » ned land n'entendait n'écoutait plus baleine s'approchait toujours dévorait yeux « ah s'écria-t-il n'est plus baleine c'est dix c'est vingt c'est troupeau tout entier pouvoir rien faire être là pieds poings liés —mais ami ned dit conseil pourquoi demander capitaine nemo permission chasser ... » conseil n'avait achevé phrase ned land s'était affalé panneau courait recherche capitaine quelques instants après tous deux reparaissaient plate-forme capitaine nemo observa troupeau cétacés jouait eaux mille _nautilus_ « baleines australes dit-il a là fortune d'une flotte baleiniers —eh bien monsieur demanda canadien pourrais-je donner chasse fût-ce oublier ancien métier harponneur —a quoi bon répondit capitaine nemo chasser uniquement détruire n'avons faire d'huile baleine bord —cependant monsieur reprit canadien mer rouge autorisés poursuivre dugong —il s'agissait alors procurer viande fraîche équipage ici tuer tuer sais bien c'est privilége réservé l'homme n'admets passe-temps meurtriers détruisant baleine australe comme baleine franche êtres inoffensifs bons pareils maître land commettent action blâmable c'est ainsi qu'ils déjà dépeuplé toute baie baffin qu'ils anéantiront classe d'animaux utiles laissez donc tranquilles malheureux cétacés bien assez leurs ennemis naturels cachalots espadons scies sans mêliez. » laisse imaginer figure faisait canadien pendant cours morale donner semblables raisons chasseur c'était perdre paroles ned land regardait capitaine nemo comprenait évidemment qu'il voulait dire cependant capitaine raison l'acharnement barbare inconsidéré pêcheurs fera disparaître jour dernière baleine l'océan ned land siffla entre dents _yankee doodle_ fourra mains poches tourna dos illustration _nautilus_ tomba milieu d'un troupeau baleines page 323 cependant capitaine nemo observait troupeau cétacés s'adressant « j'avais raison prétendre sans compter l'homme baleines assez d'autres ennemis naturels celles-ci vont avoir affaire forte partie avant peu apercevez-vous monsieur aronnax huit milles sous vent points noirâtres mouvement —oui capitaine répondis-je —ce cachalots animaux terribles j'ai quelquefois rencontrés troupes deux trois cents quant ceux-là bêtes cruelles malfaisantes a raison exterminer. » canadien retourna vivement derniers mots « eh bien capitaine dis-je temps encore l'intérêt baleines ... —inutile s'exposer monsieur professeur _nautilus_ suffira disperser cachalots armé d'un éperon d'acier vaut bien harpon maître land j'imagine. » illustration j'ai amariné près groenland baleine page 324 canadien gêna hausser épaules attaquer cétacés coups d'éperon jamais entendu parler cela « attendez monsieur aronnax dit capitaine nemo montrerons chasse connaissez encore pitié féroces cétacés bouche dents » bouche dents pouvait mieux peindre cachalot macrocéphale dont taille dépasse quelquefois vingt-cinq mètres tête énorme cétacé occupe environ tiers corps mieux armé baleine dont mâchoire supérieure seulement garnie fanons muni vingt-cinq grosses dents hautes vingt centimètres cylindriques coniques sommet pèsent deux livres chacune c'est partie supérieure cette énorme tête grandes cavités séparées cartilages trouvent trois quatre cents kilogrammes cette huile précieuse dite « blanc baleine » cachalot animal disgracieux plutôt têtard poisson suivant remarque frédol mal construit ainsi dire « manqué » toute partie gauche charpente voyant guère l'œil droit cependant monstrueux troupeau s'approchait toujours aperçu baleines préparait attaquer pouvait préjuger d'avance victoire cachalots non seulement parce qu'ils mieux bâtis l'attaque leurs inoffensifs adversaires aussi parce qu'ils peuvent rester plus longtemps sous flots sans venir respirer surface n'était temps d'aller secours baleines _nautilus_ mit entre deux eaux conseil ned prîmes place devant vitres salon capitaine nemo rendit près timonier manœuvrer appareil comme engin destruction bientôt sentis battements l'hélice précipiter vitesse s'accroître combat déjà commencé entre cachalots baleines lorsque _nautilus_ arriva manœuvra manière couper troupe macrocéphales ceux-ci tout d'abord montrèrent peu émus vue nouveau monstre mêlait bataille bientôt durent garer coups quelle lutte ned land lui-même bientôt enthousiasmé finit battre mains _nautilus_ n'était plus qu'un harpon formidable brandi main capitaine lançait contre masses charnues traversait part part laissant après passage deux grouillantes moitiés d'animal formidables coups queue frappaient flancs sentait chocs qu'il produisait davantage cachalot exterminé courait autre virait place manquer proie allant l'avant l'arrière docile gouvernail plongeant quand cétacé s'enfonçait couches profondes remontant lorsqu'il revenait surface frappant plein d'écharpe coupant déchirant toutes directions sous toutes allures perçant terrible éperon quel carnage quel bruit surface flots quels sifflements aigus quels ronflements particuliers animaux épouvantés milieu couches ordinairement si paisibles queue créait véritables houles pendant heure prolongea cet homérique massacre auquel macrocéphales pouvaient soustraire plusieurs fois dix douze réunis essayèrent d'écraser _nautilus_ sous masse voyait vitre gueule énorme pavée dents œil formidable ned land possédait plus menaçait injuriait sentait qu'ils cramponnaient appareil comme chiens coiffent ragot sous taillis _nautilus_ forçant hélice emportait entraînait ramenait vers niveau supérieur eaux sans soucier ni poids énorme ni leurs puissantes étreintes enfin masse cachalots s'éclaircit flots redevinrent tranquilles sentis remontions surface l'océan panneau ouvert précipitâmes plate-forme mer couverte cadavres mutilés explosion formidable n'eût divisé déchiré déchiqueté plus violence masses charnues flottions milieu corps gigantesques bleuâtres dos blanchâtres sous ventre tout bossues d'énormes protubérances quelques cachalots épouvantés fuyaient l'horizon flots teints rouge espace plusieurs milles _nautilus_ flottait milieu d'une mer sang capitaine nemo rejoignit « eh bien maître land dit-il —eh bien monsieur répondit canadien chez lequel l'enthousiasme s'était calmé c'est spectacle terrible effet boucher chasseur ceci n'est qu'une boucherie —c'est massacre d'animaux malfaisants répondit capitaine _nautilus_ n'est couteau boucher —j'aime mieux harpon répliqua canadien —chacun arme » répondit capitaine regardant fixement ned land craignais celui-ci laissât emporter quelque violence conséquences déplorables colère détournée vue d'une baleine _nautilus_ accostait moment l'animal n'avait pu échapper dent cachalots reconnus baleine australe tête déprimée entièrement noire anatomiquement distingue baleine blanche nord-caper soudure sept vertèbres cervicales compte deux côtes plus congénères malheureux cétacé couché flanc ventre troué morsures mort bout nageoire mutilée pendait encore petit baleineau qu'il n'avait pu sauver massacre bouche ouverte laissait couler l'eau murmurait comme ressac travers fanons capitaine nemo conduisit _nautilus_ près cadavre l'animal deux hommes montèrent flanc baleine vis non sans étonnement qu'ils retiraient mamelles tout lait qu'elles contenaient c'est-à-dire valeur deux trois tonneaux capitaine m'offrit tasse lait encore chaud pus m'empêcher marquer répugnance breuvage m'assura lait excellent qu'il distinguait aucune façon lait vache goûtai avis c'était donc réserve utile car lait sous forme beurre salé fromage devait apporter agréable variété ordinaire jour-là remarquai inquiétude dispositions ned land envers capitaine nemo devenaient plus plus mauvaises résolus surveiller près faits gestes canadien
36,Chapter 37,xiii banquise _nautilus_ repris imperturbable direction vers sud suivait cinquantième méridien vitesse considérable voulait-il donc atteindre pôle pensais car jusqu'ici toutes tentatives s'élever jusqu point globe échoué saison d'ailleurs déjà fort avancée puisque 13 mars terres antarctiques correspond 13 septembre régions boréales commence période équinoxiale 14 mars j'aperçus glaces flottantes 55° latitude simples débris blafards vingt vingt-cinq pieds formant écueils lesquels mer déferlait _nautilus_ maintenait surface l'océan ned land déjà pêché mers arctiques familiarisé spectacle ice-bergs conseil l'admirions première fois l'atmosphère vers l'horizon sud s'étendait bande blanche d'un éblouissant aspect baleiniers anglais donné nom « ice-blinck. » quelque épais nuages peuvent l'obscurcir annonce présence d'un pack banc glace effet bientôt apparurent blocs plus considérables dont l'éclat modifiait suivant caprices brume quelques-unes masses montraient veines vertes comme si sulfate cuivre tracé lignes ondulées d'autres semblables d'énormes améthystes laissaient pénétrer lumière celles-ci réverbéraient rayons jour mille facettes leurs cristaux celles-là nuancées vifs reflets calcaire suffi construction toute ville marbre plus descendions sud plus îles flottantes gagnaient nombre importance oiseaux polaires nichaient milliers c'étaient pétrels damiers puffins assourdissaient leurs cris quelques-uns prenant _nautilus_ cadavre d'une baleine venaient reposer piquaient coups bec tôle sonore pendant cette navigation milieu glaces capitaine nemo tint souvent plate-forme observait attention parages abandonnés voyais calme regard s'animer parfois disait-il mers polaires interdites l'homme là chez maître infranchissables espaces peut-être parlait restait immobile revenant lorsque instincts manœuvrier reprenaient dessus dirigeant alors _nautilus_ adresse consommée évitait habilement choc masses dont quelques-unes mesuraient longueur plusieurs milles hauteur variait soixante-dix quatre-vingts mètres souvent l'horizon paraissait entièrement fermé a hauteur soixantième degré latitude toute passe disparu capitaine nemo cherchant soin trouvait bientôt quelque étroite ouverture laquelle glissait audacieusement sachant bien cependant qu'elle refermerait derrière ainsi _nautilus_ guidé cette main habile dépassa toutes glaces classées suivant forme grandeur précision enchantait conseil ice-bergs montagnes ice-fields champs unis sans limites drift-ice glaces flottantes packs champs brisés nommés palchs quand circulaires streams lorsqu'ils faits morceaux allongés température assez basse thermomètre exposé l'air extérieur marquait deux trois degrés au-dessous zéro chaudement habillés fourrures dont phoques ours marins fait frais l'intérieur _nautilus_ régulièrement chauffé appareils électriques défiait froids plus intenses d'ailleurs suffi s'enfoncer quelques mètres au-dessous flots trouver température supportable deux mois plus tôt joui sous cette latitude d'un jour perpétuel déjà nuit faisait pendant trois quatre heures plus tard devait jeter six mois d'ombre régions circumpolaires 15 mars latitude îles new-shetland orkney sud dépassée capitaine m'apprit qu'autrefois nombreuses tribus phoques habitaient terres baleiniers anglais américains rage destruction massacrant adultes femelles pleines là où existait l'animation vie laissé après silence mort 16 mars vers huit heures matin _nautilus_ suivant cinquante-cinquième méridien coupa cercle polaire antarctique glaces entouraient toutes parts fermaient l'horizon cependant capitaine nemo marchait passe passe s'élevait toujours « où va-t-il demandai-je —devant répondait conseil après tout lorsqu'il pourra aller plus loin s'arrêtera —je n'en jurerais » répondis-je être franc j'avouerai cette excursion aventureuse déplaisait point a quel degré m'émerveillaient beautés régions nouvelles saurais l'exprimer glaces prenaient attitudes superbes ici ensemble formait ville orientale minarets mosquées innombrables là cité écroulée comme jetée terre convulsion sol aspects incessamment variés obliques rayons soleil perdus brumes grises milieu ouragans neige puis toutes parts détonations éboulements grandes culbutes d'ice-bergs changeaient décor comme paysage d'un diorama lorsque _nautilus_ immergé moment où rompaient équilibres bruit propageait sous eaux effrayante intensité chute masses créait redoutables remous jusque couches profondes l'océan _nautilus_ roulait tanguait alors comme navire abandonné furie éléments souvent voyant plus aucune issue pensais définitivement prisonniers l'instinct guidant plus léger indice capitaine nemo découvrait passes nouvelles trompait jamais observant minces filets d'eau bleuâtre sillonnaient ice-fields aussi mettais-je doute qu'il n'eût aventuré déjà _nautilus_ milieu mers antarctiques cependant journée 16 mars champs glace barrèrent absolument route n'était encore banquise vastes ice-fields cimentés froid cet obstacle pouvait arrêter capitaine nemo lança contre l'ice-field effroyable violence _nautilus_ entrait comme coin cette masse friable divisait craquements terribles c'était l'antique bélier poussé puissance infinie débris glace haut projetés retombaient grêle autour seule force d'impulsion appareil creusait chenal quelquefois emporté élan montait champ glace l'écrasait poids instants enfourné sous l'ice-field divisait simple mouvement tangage produisait larges déchirures pendant journées violents grains assaillirent certaines brumes épaisses vu d'une extrémité plate-forme l'autre vent sautait brusquement tous points compas neige s'accumulait couches si dures qu'il fallait briser coups pics rien température cinq degrés au-dessous zéro toutes parties extérieures _nautilus_ recouvraient glaces gréement n'aurait pu manœuvrer car tous garants engagés gorge poulies bâtiment sans voiles mû moteur électrique passait charbon pouvait seul affronter d'aussi hautes latitudes conditions baromètre tint généralement très-bas tomba 73° 5′ indications boussole n'offraient plus aucune garantie aiguilles affolées marquaient directions contradictoires s'approchant pôle magnétique méridional confond sud monde effet suivant hansten pôle situé peu près 70° latitude 130° longitude d'après observations duperrey 133° longitude 70° 30′ latitude fallait faire alors observations nombreuses compas transportés différentes parties navire prendre moyenne souvent s'en rapportait l'estime relever route parcourue méthode peu satisfaisante milieu passes sinueuses dont points repère changent incessamment enfin 18 mars après vingt assauts inutiles _nautilus_ vit définitivement enrayé n'étaient plus ni streams ni palks ni ice-fields interminable immobile barrière formée montagnes soudées entre elles « banquise » dit canadien compris ned land comme tous navigateurs précédé c'était l'infranchissable obstacle soleil instant paru vers midi capitaine nemo obtint observation assez exacte donnait situation 51° 30′ longitude 67° 39′ latitude méridionale c'était déjà point avancé régions antarctiques illustration bouche dents page 329 mer surface liquide plus apparence devant yeux sous l'éperon _nautilus_ s'étendait vaste plaine tourmentée enchevêtrée blocs confus tout pêle-mêle capricieux caractérise surface d'un fleuve quelque temps avant débâcle glaces proportions gigantesques çà là pics aigus aiguilles déliées s'élevant hauteur deux cents pieds plus loin suite falaises taillées pic revêtues teintes grisâtres vastes miroirs reflétaient quelques rayons soleil demi noyés brumes puis cette nature désolée silence farouche peine rompu battement d'ailes pétrels puffins tout gelé alors bruit illustration « banquise » dit ned land page 335 _nautilus_ dut donc s'arrêter aventureuse course milieu champs glace « monsieur dit jour-là ned land si capitaine va plus loin —eh bien —ce maître homme —pourquoi ned —parce personne peut franchir banquise puissant capitaine mille diables n'est plus puissant nature là où a mis bornes faut l'on s'arrête bon gré mal gré —en effet ned land cependant j'aurais voulu savoir qu'il a derrière cette banquise mur voilà m'irrite plus —monsieur a raison dit conseil murs n'ont inventés agacer savants devrait avoir murs nulle part —bon fit canadien derrière cette banquise sait bien trouve —quoi donc demandai-je —de glace toujours glace —vous certain fait ned répliquai-je voilà pourquoi voudrais aller voir —eh bien monsieur professeur répondit canadien renoncez cette idée arrivé banquise déjà suffisant n'irez plus loin ni capitaine nemo ni _nautilus_ qu'il veuille non reviendrons vers nord c'est-à-dire pays honnêtes gens. » dois convenir ned land raison tant navires faits naviguer champs glace devront s'arrêter devant banquise effet malgré efforts malgré moyens puissants employés disjoindre glaces _nautilus_ réduit l'immobilité ordinairement peut aller plus loin quitte revenir ici revenir aussi impossible qu'avancer car passes s'étaient refermées derrière peu appareil demeurât stationnaire tarderait être bloqué arriva vers deux heures soir jeune glace forma flancs étonnante rapidité dus avouer conduite capitaine nemo plus qu'imprudente j'étais moment plate-forme capitaine observait situation depuis quelques instants dit « bien monsieur professeur qu'en pensez-vous —je pense pris capitaine —pris comment l'entendez-vous —j'entends pouvons aller ni avant ni arrière ni d'aucun côté c'est crois s'appelle « pris » moins continents habités —ainsi monsieur aronnax pensez _nautilus_ pourra dégager —difficilement capitaine car saison déjà trop avancée comptiez débâcle glaces —ah monsieur professeur répondit capitaine nemo d'un ironique toujours voyez qu'empêchements obstacles affirme non-seulement _nautilus_ dégagera qu'il ira plus loin encore —plus loin sud demandai-je regardant capitaine —oui monsieur ira pôle —au pôle m'écriai-je pouvant retenir mouvement d'incrédulité —oui répondit froidement capitaine pôle antarctique point inconnu où croisent tous méridiens globe savez si fais _nautilus_ veux. » oui savais savais cet homme audacieux jusqu témérité vaincre obstacles hérissent pôle sud plus inaccessible pôle nord non encore atteint plus hardis navigateurs n'était-ce entreprise absolument insensée seul l'esprit d'un fou pouvait concevoir vint alors l'idée demander capitaine nemo s'il déjà découvert pôle n'avait jamais foulé pied d'une créature humaine « non monsieur répondit-il découvrirons ensemble là où d'autres échoué n'échouerai jamais n'ai promené _nautilus_ aussi loin mers australes répète ira plus loin encore —je veux croire capitaine repris-je d'un peu ironique crois allons avant a d'obstacles brisons cette banquise faisons-la sauter si résiste donnons ailes _nautilus_ afin qu'il puisse passer dessus —par dessus monsieur professeur répondit tranquillement capitaine nemo non point dessus dessous —par dessous » m'écriai-je subite révélation projets capitaine venait d'illuminer esprit j'avais compris merveilleuses qualités _nautilus_ allaient servir encore cette surhumaine entreprise « vois commençons entendre monsieur professeur dit capitaine souriant demi entrevoyez déjà possibilité —moi dirai succès —de cette tentative impraticable navire ordinaire devient facile _nautilus_ si continent émerge pôle s'arrêtera devant continent si contraire c'est mer libre baigne ira pôle —en effet dis-je entraîné raisonnement capitaine si surface mer solidifiée glaces couches inférieures libres cette raison providentielle a placé degré supérieur celui congélation maximum densité l'eau mer si trompe partie immergée cette banquise partie émergente comme quatre —a peu près monsieur professeur pied ice-bergs au-dessus mer trois au-dessous or puisque montagnes glaces dépassent hauteur cent mètres elles s'enfoncent trois cents or qu'est-ce trois cents mètres _nautilus_ —rien monsieur —il pourra aller chercher profondeur plus grande cette température uniforme eaux marines là braverons impunément trente quarante degrés froid surface —juste monsieur très-juste répondis-je m'animant —la seule difficulté reprit capitaine nemo rester plusieurs jours immergés sans renouveler provision d'air —n'est-ce cela répliquai-je _nautilus_ vastes réservoirs remplirons fourniront tout l'oxygène dont besoin —bien imaginé monsieur aronnax répondit souriant capitaine voulant puissiez m'accuser témérité soumets d'avance toutes objections —en avez-vous encore —une seule possible si mer existe pôle sud cette mer entièrement prise conséquent puissions revenir surface —bon monsieur oubliez-vous _nautilus_ armé d'un redoutable éperon pourrons-nous lancer diagonalement contre champs glace s'ouvriront choc —eh monsieur professeur idées aujourd'hui —d'ailleurs capitaine ajoutai-je m'enthousiasmant plus belle pourquoi rencontrerait-on mer libre pôle sud comme pôle nord pôles froid pôles terre confondent ni l'hémisphère austral ni l'hémisphère boréal jusqu preuve contraire doit supposer continent océan dégagé glaces deux points sol —je crois aussi monsieur aronnax répondit capitaine nemo ferai seulement observer qu'après avoir émis tant d'objections contre projet maintenant m'écrasez d'arguments faveur. » capitaine nemo disait vrai j'en arrivé vaincre audace c'était l'entraînais pôle devançais distançais ... non pauvre fou capitaine nemo savait mieux contre question s'amusait voir emporté rêveries l'impossible cependant n'avait perdu instant a signal second parut deux hommes s'entretinrent rapidement incompréhensible langage second antérieurement prévenu qu'il trouvât projet praticable laissa voir aucune surprise si impassible qu'il montra plus complète impassibilité conseil lorsque j'annonçai digne garçon intention pousser jusqu'au pôle sud « comme plaira monsieur » accueillit communication dus m'en contenter quant ned land si jamais épaules levèrent haut celles canadien « voyez-vous monsieur dit-il capitaine nemo faites pitié —mais irons pôle maître ned —possible n'en reviendrez » ned land rentra cabine « faire malheur » dit-il quittant cependant préparatifs cette audacieuse tentative venaient commencer puissantes pompes _nautilus_ refoulaient l'air réservoirs l'emmagasinaient haute pression vers quatre heures capitaine nemo m'annonça panneaux plate-forme allaient être fermés jetai dernier regard l'épaisse banquise allions franchir temps clair l'atmosphère assez pure froid très-vif douze degrés au-dessous zéro vent s'étant calmé cette température semblait trop insupportable dizaine d'hommes montèrent flancs _nautilus_ armés pics cassèrent glace autour carène bientôt dégagée opération rapidement pratiquée car jeune glace mince encore tous rentrâmes l'intérieur réservoirs habituels remplirent cette eau tenue libre flottaison _nautilus_ tarda descendre j'avais pris place salon conseil vitre ouverte regardions couches inférieures l'océan austral thermomètre remontait l'aiguille manomètre déviait cadran a trois cents mètres environ ainsi l'avait prévu capitaine nemo flottions sous surface ondulée banquise _nautilus_ s'immergea plus bas encore atteignit profondeur huit cents mètres température l'eau donnait douze degrés surface n'en accusait plus onze deux degrés déjà gagnés va sans dire température _nautilus_ élevée appareils chauffage maintenait degré très-supérieur toutes manœuvres s'accomplissaient extraordinaire précision « passera n'en déplaise monsieur dit conseil —j compte bien » répondis-je d'une profonde conviction sous cette mer libre _nautilus_ pris directement chemin pôle sans s'écarter cinquante-deuxième méridien 67° 30′ 90° vingt-deux degrés demi latitude restaient parcourir c'est-à-dire peu plus cinq cents lieues _nautilus_ prit vitesse moyenne vingt-six milles l'heure vitesse d'un train express s'il conservait quarante heures suffisaient atteindre pôle pendant partie nuit nouveauté situation retint conseil vitre salon mer s'illuminait sous l'irradiation électrique fanal déserte poissons séjournaient eaux prisonnières trouvaient là qu'un passage aller l'océan antarctique mer libre pôle marche rapide sentait telle tressaillements longue coque d'acier vers deux heures matin j'allai prendre quelques heures repos conseil m'imita traversant coursives rencontrai point capitaine nemo supposai qu'il tenait cage timonier lendemain 19 mars cinq heures matin repris poste salon loch électrique m'indiqua vitesse _nautilus_ modérée remontait alors vers surface prudemment vidant lentement réservoirs cœur battait allions-nous émerger retrouver l'atmosphère libre pôle non choc m'apprit _nautilus_ heurté surface inférieure banquise très-épaisse encore juger matité bruit effet « touché » employer l'expression marine sens inverse mille pieds profondeur donnait deux mille pieds glaces au-dessus dont mille émergeaient banquise présentait alors hauteur supérieure celle relevée bords circonstance peu rassurante pendant cette journée _nautilus_ recommença plusieurs fois cette expérience toujours vint heurter contre muraille plafonnait au-dessus a certains instants rencontra neuf cents mètres accusait douze cents mètres d'épaisseur dont deux cents mètres s'élevaient au-dessus surface l'océan c'était double hauteur moment où _nautilus_ s'était enfoncé sous flots notai soigneusement diverses profondeurs j'obtins ainsi profil sous-marin cette chaîne développait sous eaux soir aucun changement n'était survenu situation toujours glace entre quatre cents cinq cents mètres profondeur diminution évidente quelle épaisseur encore entre surface l'océan huit heures alors depuis quatre heures déjà l'air dû être renouvelé l'intérieur _nautilus_ suivant l'habitude quotidienne bord cependant souffrais trop bien capitaine nemo n'eût encore demandé réservoirs supplément d'oxygène sommeil pénible pendant cette nuit espoir crainte m'assiégeaient tour tour relevai plusieurs fois tâtonnements _nautilus_ continuaient vers trois heures matin j'observai surface inférieure banquise rencontrait seulement cinquante mètres profondeur cent cinquante pieds séparaient alors surface eaux banquise redevenait peu peu ice-field montagne refaisait plaine yeux quittaient plus manomètre remontions toujours suivant diagonale surface resplendissante étincelait sous rayons électriques banquise s'abaissait dessus dessous rampes allongées s'amincissait mille mille enfin six heures matin jour mémorable 19 mars porte salon s'ouvrit capitaine nemo parut « mer libre » dit-il
37,Chapter 38,xiv pole sud précipitai vers plate-forme oui mer libre a peine quelques glaçons épars ice-bergs mobiles loin mer étendue monde d'oiseaux airs myriades poissons sous eaux suivant fonds variaient bleu intense vert olive thermomètre marquait trois degrés centigrades au-dessus zéro c'était comme printemps relatif enfermé derrière cette banquise dont masses éloignées profilaient l'horizon nord « sommes-nous pôle demandai-je capitaine cœur palpitant —je l'ignore répondit-il a midi ferons point illustration _nautilus_ bloqué page 338 —mais soleil montrera-t-il travers brumes dis-je regardant ciel grisâtre —si peu qu'il paraisse suffira répondit capitaine. » a dix milles _nautilus_ vers sud îlot solitaire s'élevait hauteur deux cents mètres marchions vers prudemment car cette mer pouvait être semée d'écueils heure après atteint l'îlot deux heures plus tard achevions d'en faire tour mesurait quatre cinq milles circonférence étroit canal séparait d'une terre considérable continent peut-être dont pouvions apercevoir limites l'existence cette terre semblait donner raison hypothèses maury l'ingénieux américain a remarqué effet qu'entre pôle sud soixantième parallèle mer couverte glaces flottantes dimensions énormes rencontrent jamais l'atlantique nord fait a tiré cette conclusion cercle antarctique renferme terres considérables puisque ice-bergs peuvent former pleine mer seulement côtes suivant calculs masse glaces enveloppent pôle austral forme vaste calotte dont largeur doit atteindre quatre mille kilomètres illustration capitaine nemo parut page 343 cependant _nautilus_ crainte d'échouer s'était arrêté trois encâblures d'une grève dominait superbe amoncellement roches canot lancé mer capitaine deux hommes portant instruments conseil embarquâmes dix heures matin n'avais vu ned land canadien sans doute voulait désavouer présence pôle sud quelques coups d'aviron amenèrent canot sable où s'échoua moment où conseil allait sauter terre retins « monsieur dis-je capitaine nemo l'honneur mettre pied premier cette terre —oui monsieur répondit capitaine si n'hésite fouler sol pôle c'est jusqu'ici aucun être humain a laissé trace pas. » cela dit sauta légèrement sable vive émotion faisait battre cœur gravit roc terminait surplomb petit promontoire là bras croisés regard ardent immobile muet sembla prendre possession régions australes après cinq minutes passées cette extase retourna vers « quand voudrez monsieur » cria-t-il débarquai suivi conseil laissant deux hommes canot sol long espace présentait tuf couleur rougeâtre comme s'il fait brique pilée scories coulées lave pierres-ponces recouvraient pouvait méconnaître origine volcanique certains endroits quelques légères fumerolles dégageant odeur sulfureuse attestaient feux intérieurs conservaient encore puissance expansive cependant gravi haut escarpement vis aucun volcan rayon plusieurs milles sait contrées antarctiques james ross a trouvé cratères l'erebus terror pleine activité cent soixante septième méridien 77° 32′ latitude végétation continent désolé parut extrêmement restreinte quelques lichens l'espèce _unsnea melanoxantha_ s'étalaient roches noires certaines plantules microscopiques diatomées rudimentaires sortes cellules disposées entre deux coquilles quartzeuses longs fucus pourpres cramoisis supportés petites vessies natatoires ressac jetait côte composaient toute maigre flore cette région rivage parsemé mollusques petites moules patelles buccardes lisses forme cours particulièrement clios corps oblong membraneux dont tête formée deux lobes arrondis vis aussi myriades clios boréales longues trois centimètres dont baleine avale monde chaque bouchée charmants ptéropodes véritables papillons mer animaient eaux libres lisière rivage entre autres zoophytes apparaissaient hauts fonds quelques arborescences coralligènes celles suivant james ross vivent mers antarctiques jusqu mille mètres profondeur puis petits alcyons appartenant l'espèce _procellaria pelagica_ ainsi qu'un grand nombre d'astéries particulières climats d'étoiles mer constellaient sol où vie surabondait c'était airs là volaient voletaient milliers oiseaux d'espèces variées assourdissaient leurs cris d'autres encombraient roches regardant passer sans crainte pressant familièrement sous c'étaient pingouins aussi agiles souples l'eau où a confondus parfois rapides bonites qu'ils gauches lourds terre poussaient cris baroques formaient assemblées nombreuses sobres gestes prodigues clameurs parmi oiseaux remarquai chionis famille échassiers gros comme pigeons blancs couleur bec court conique l'œil encadré d'un cercle rouge conseil fit provision car volatiles convenablement préparés forment mets agréable airs passaient albatros fuligineux d'une envergure quatre mètres justement appelés vautours l'océan pétrels gigantesques entre autres _quebrante-huesos_ ailes arquées grands mangeurs phoques damiers sortes petits canards dont dessus corps noir blanc enfin toute série pétrels uns blanchâtres ailes bordées brun autres bleus spéciaux mers antarctiques ceux-là « si huileux dis-je conseil habitants îles féroë contentent adapter mèche avant allumer. » « peu plus répondit conseil lampes parfaites après ça peut exiger nature préalablement munis d'une mèche » après demi mille sol montra tout criblé nids manchots sortes terriers disposés ponte dont s'échappaient nombreux oiseaux capitaine nemo fit chasser plus tard quelques centaines car chair noire très-mangeable poussaient braiements d'âne animaux taille d'une oie ardoisés corps blancs dessous cravatés d'un liseré citron laissaient tuer coups pierre sans chercher s'enfuir cependant brume levait onze heures soleil n'avait point encore paru absence laissait m'inquiéter sans d'observations possibles comment déterminer alors si atteint pôle lorsque rejoignis capitaine nemo trouvai silencieusement accoudé morceau roc regardant ciel paraissait impatient contrarié faire cet homme audacieux puissant commandait soleil comme mer midi arriva sans l'astre jour montré seul instant pouvait reconnaître place qu'il occupait derrière rideau brume bientôt cette brume vint résoudre neige « a demain » dit simplement capitaine regagnâmes _nautilus_ milieu tourbillons l'atmosphère pendant absence filets tendus j'observai intérêt poissons l'on venait haler bord mers antarctiques servent refuge très-grand nombre migrateurs fuient tempêtes zones moins élevées tomber vrai sous dent marsouins phoques notai quelques cottes australes longs d'un décimètre espèce cartilagineux blanchâtres traversés bandes livides armés d'aiguillons puis chimères antarctiques longues trois pieds corps très-allongé peau blanche argentée lisse tête arrondie dos muni trois nageoires museau terminé trompe recourbe vers bouche goûtai chair trouvai insipide malgré l'opinion conseil s'en accommoda fort tempête neige dura jusqu'au lendemain impossible tenir plate-forme salon où notais incidents cette excursion continent polaire j'entendais cris pétrels albatros jouaient milieu tourmente _nautilus_ resta immobile prolongeant côte s'avança encore d'une dizaine milles sud milieu cette demi-clarté laissait soleil rasant bords l'horizon lendemain 20 mars neige cessé froid peu plus vif thermomètre marquait deux degrés au-dessous zéro brouillards levèrent j'espérai jour-là observation pourrait s'effectuer capitaine nemo n'ayant encore paru canot prit conseil mit terre nature sol volcanique partout traces laves scories basaltes sans j'aperçusse cratère vomis ici comme là-bas myriades d'oiseaux animaient cette partie continent polaire cet empire partageaient alors vastes troupeaux mammifères marins regardaient leurs doux yeux c'étaient phoques d'espèces diverses uns étendus sol autres couchés glaçons dérive plusieurs sortant mer rentrant sauvaient approche n'ayant jamais affaire l'homme j'en comptais là quoi approvisionner quelques centaines navires « foi dit conseil heureux ned land accompagnés —pourquoi cela conseil —parce l'enragé chasseur tout tué —tout c'est beaucoup dire crois effet n'aurions pu empêcher ami canadien harponner quelques-uns magnifiques cétacés désobligé capitaine nemo car verse inutilement sang bêtes inoffensives —il a raison —certainement conseil dis-moi n'as-tu déjà classé superbes échantillons faune marine —monsieur sait bien répondit conseil très-ferré pratique quand monsieur m'aura appris nom animaux ... —ce phoques morses —deux genres appartiennent famille pinnipèdes hâta dire savant conseil ordre carnassiers groupe unguiculés sous-classe monodelphiens classe mammifères embranchement vertébrés —bien conseil répondis-je deux genres phoques morses divisent espèces si trompe ici l'occasion observer marchons. » huit heures matin quatre heures restaient employer jusqu'au moment soleil pourrait être utilement observé dirigeai vers vaste baie s'échancrait falaise granitique rivage là puis dire perte vue autour terres glaçons encombrés mammifères marins cherchais involontairement regard vieux protée mythologique pasteur gardait immenses troupeaux neptune c'étaient particulièrement phoques formaient groupes distincts mâles femelles père veillant famille mère allaitant petits quelques jeunes déjà forts s'émancipant quelques lorsque mammifères voulaient déplacer allaient petits sauts dus contraction corps s'aidaient assez gauchement imparfaite nageoire chez lamantin congénère forme véritable avant-bras dois dire l'eau élément excellence animaux l'épine dorsale mobile bassin étroit poil ras serré pieds palmés nagent admirablement repos terre prenaient attitudes extrêmement gracieuses aussi anciens observant physionomie douce regard expressif saurait surpasser plus beau regard femme leurs yeux veloutés limpides leurs poses charmantes poétisant manière métamorphosèrent-ils mâles tritons femelles sirènes fis remarquer conseil développement considérable lobes cérébraux chez intelligents cétacés aucun mammifère l'homme excepté a matière cérébrale plus riche aussi phoques susceptibles recevoir certaine éducation domestiquent aisément pense certains naturalistes convenablement dressés pourraient rendre grands services comme chiens pêche plupart phoques dormaient rochers sable parmi phoques proprement dits n'ont point d'oreilles externes —différant cela otaries dont l'oreille saillante —j'observai plusieurs variétés sténorhynques longs trois mètres blancs poils têtes bull-dogs armés dix dents chaque mâchoire quatre incisives haut bas deux grandes canines découpées forme fleur lis entre glissaient éléphants marins sortes phoques trompe courte mobile géants l'espèce circonférence vingt pieds mesuraient longueur dix mètres faisaient aucun mouvement approche « animaux dangereux demanda conseil —non répondis-je moins qu'on attaque lorsqu'un phoque défend petit fureur terrible n'est rare qu'il mette pièces l'embarcation pêcheurs —il droit répliqua conseil —je dis non. » deux milles plus loin arrêtés promontoire couvrait baie contre vents sud tombait d'aplomb mer écumait sous ressac au-delà éclataient formidables rugissements tels qu'un troupeau ruminants pu produire « bon fit conseil concert taureaux —non dis-je concert morses —ils battent —ils battent jouent —n'en déplaise monsieur faut voir cela —il faut voir conseil. » voilà franchissant roches noirâtres milieu d'éboulements imprévus pierres glace rendait fort glissantes plus d'une fois roulai détriment reins conseil plus prudent plus solide bronchait guère relevait disant « si monsieur voulait avoir bonté d'écarter jambes monsieur conserverait mieux équilibre. » arrivé l'arête supérieure promontoire j'aperçus vaste plaine blanche couverte morses animaux jouaient entre c'étaient hurlements joie non colère morses ressemblent phoques forme leurs corps disposition leurs membres canines incisives manquent mâchoire inférieure quant canines supérieures deux défenses longues quatre-vingts centimètres mesurent trente trois circonférence alvéole dents faites d'un ivoire compact sans stries plus dur celui éléphants moins prompt jaunir très-recherchées aussi morses sont-ils butte chasse inconsidérée détruira bientôt jusqu'au dernier puisque chasseurs massacrant indistinctement femelles pleines jeunes détruisent chaque année plus quatre mille passant auprès curieux animaux pus examiner loisir car dérangeaient peau épaisse rugueuse d'un fauve tirant roux pelage court peu fourni quelques-uns longueur quatre mètres plus tranquilles moins craintifs leurs congénères nord confiaient point sentinelles choisies soin surveiller abords campement après avoir examiné cette cité morses songeai revenir onze heures si capitaine nemo trouvait conditions favorables observer voulais être présent opération cependant n'espérais soleil montrât jour-là nuages écrasés l'horizon dérobaient yeux semblait cet astre jaloux voulût révéler êtres humains point inabordable globe cependant songeai revenir vers _nautilus_ suivîmes étroit raidillon courait sommet falaise a onze heures demie arrivés point débarquement canot échoué déposé capitaine terre l'aperçus debout bloc basalte instruments près regard fixait l'horizon nord près duquel soleil décrivait alors courbe allongée pris place auprès j'attendis sans parler midi arriva ainsi veille soleil montra c'était fatalité l'observation manquait encore si demain s'accomplissait faudrait renoncer définitivement relever situation illustration capitaine nemo gravit roc page 346 effet précisément 20 mars demain 21 jour l'équinoxe réfraction non comptée soleil disparaîtrait sous l'horizon six mois disparition commencerait longue nuit polaire depuis l'équinoxe septembre émergé l'horizon septentrional s'élevant spirales allongées jusqu'au 21 décembre a cette époque solstice d'été contrées boréales commencé redescendre lendemain devait lancer derniers rayons communiquai observations craintes capitaine nemo « raison monsieur aronnax dit-il si demain n'obtiens hauteur soleil pourrai avant six mois reprendre cette opération aussi précisément parce hasards navigation m'ont amené 21 mars mers point facile relever si midi soleil montre yeux illustration milliers d'oiseaux page 347 —pourquoi capitaine —parce lorsque l'astre jour décrit spirales si allongées difficile mesurer exactement hauteur au-dessus l'horizon instruments exposés commettre graves erreurs —comment procéderez-vous donc —je n'emploierai chronomètre répondit capitaine nemo si demain 21 mars midi disque soleil tenant compte réfraction coupé exactement l'horizon nord c'est pôle sud —en effet dis-je pourtant cette affirmation n'est mathématiquement rigoureuse parce l'équinoxe tombe nécessairement midi —sans doute monsieur l'erreur cent mètres faut davantage a demain donc. » capitaine nemo retourna bord conseil restâmes jusqu cinq heures arpenter plage observant étudiant récoltai aucun objet curieux si n'est œuf pingouin remarquable grosseur qu'un amateur payé plus mille francs couleur isabelle raies caractères l'ornaient comme autant d'hiéroglyphes faisaient bibelot rare remis entre mains conseil prudent garçon pied sûr tenant comme précieuse porcelaine chine rapporta intact _nautilus_ là déposai cet œuf rare sous vitrines musée soupai appétit d'un excellent morceau foie phoque dont goût rappelait celui viande porc puis couchai non sans avoir invoqué comme indou faveurs l'astre radieux lendemain 21 mars dès cinq heures matin montai plate-forme trouvai capitaine nemo « temps dégage peu dit-il j'ai bon espoir après déjeuner rendrons terre choisir poste d'observation. » point convenu j'allai trouver ned land j'aurais voulu l'emmener l'obstiné canadien refusa vis bien taciturnité comme fâcheuse humeur s'accroissaient jour jour après tout regrettai entêtement cette circonstance véritablement trop phoques terre fallait soumettre pêcheur irréfléchi cette tentation déjeuner terminé rendis terre _nautilus_ s'était encore élevé quelques milles pendant nuit large grande lieue d'une côte dominait pic aigu quatre cinq cents mètres canot portait capitaine nemo deux hommes l'équipage instruments c'est-à-dire chronomètre lunette baromètre pendant traversée vis nombreuses baleines appartenaient trois espèces particulières mers australes baleine franche « right-whale » anglais a nageoire dorsale hump-back baleinoptère ventre plissé vastes nageoires blanchâtres malgré nom forment pourtant ailes fin-back brun-jaunâtre plus vif cétacés puissant animal fait entendre loin lorsqu'il projette grande hauteur colonnes d'air vapeur ressemblent tourbillons fumée différents mammifères s'ébattaient troupes eaux tranquilles vis bien bassin pôle antarctique servait maintenant refuge cétacés trop vivement traqués chasseurs remarquai également longs cordons blanchâtres salpes sortes mollusques agrégés méduses grande taille balançaient entre remous lames a neuf heures accostions terre ciel s'éclaircissait nuages fuyaient sud brumes abandonnaient surface froide eaux capitaine nemo dirigea vers pic dont voulait sans doute faire observatoire ascension pénible laves aiguës pierres ponces milieu d'une atmosphère souvent saturée émanations sulfureuses fumerolles capitaine homme déshabitué fouler terre gravissait pentes plus raides souplesse agilité pouvais égaler qu'eût enviée chasseur d'isards fallut deux heures atteindre sommet pic moitié porphyre moitié basalte là regards embrassaient vaste mer vers nord traçait nettement ligne terminale fond ciel a pieds champs éblouissants blancheur tête pâle azur dégagé brumes nord disque soleil comme boule feu déjà écornée tranchant l'horizon sein eaux s'élevaient gerbes magnifiques jets liquides centaines loin _nautilus_ comme cétacé endormi derrière vers sud l'est terre immense amoncellement chaotique rochers glaces dont n'apercevait limite capitaine nemo arrivant sommet pic releva soigneusement hauteur moyen baromètre car devait tenir compte observation a midi moins quart soleil vu alors réfraction seulement montra comme disque d'or dispersa derniers rayons continent abandonné mers l'homme a jamais sillonnées encore capitaine nemo muni d'une lunette réticules moyen d'un miroir corrigeait réfraction observa l'astre s'enfonçait peu peu au-dessous l'horizon suivant diagonale très-allongée tenais chronomètre cœur battait fort si disparition demi disque soleil coïncidait midi chronomètre pôle « midi m'écriai-je —le pôle sud » répondit capitaine nemo d'une voix grave donnant lunette montrait l'astre jour précisément coupé deux portions égales l'horizon regardai derniers rayons couronner pic ombres monter peu peu rampes moment capitaine nemo appuyant main épaule dit « monsieur 1600 hollandais ghéritk entraîné courants tempêtes atteignit 64° latitude sud découvrit new-shetland 1773 17 janvier l'illustre cook suivant trente-huitième méridien arriva 67° 30′ latitude 1774 30 janvier cent-neuvième méridien atteignit 71° 15′ latitude 1819 russe bellinghausen trouva soixante-neuvième parallèle 1821 soixante-sixième 111° longitude ouest 1820 l'anglais brunsfield arrêté soixante-cinquième degré année l'américain morrel dont récits douteux remontant quarante-deuxième méridien découvrait mer libre 70° 14′ latitude 1825 l'anglais powell pouvait dépasser soixante-deuxième degré année simple pêcheur phoques l'anglais weddel s'élevait jusqu 72° 14′ latitude trente-cinquième méridien jusqu 74° 15′ trente-sixième 1829 l'anglais forster commandant _chanticleer_ prenait possession continent antarctique 63° 26′ latitude 66° 26′ longitude 1831 l'anglais biscoë 1er février découvrait terre d'enderby 68° 50′ latitude 1832 5 février terre d'adélaïde 67° latitude 21 février terre graham 64° 45′ latitude 1838 français dumont-d'urville arrêté devant banquise 62° 57′ latitude relevait terre louis-philippe deux ans plus tard nouvelle pointe sud nommait 66° 30′ 21 janvier terre adélie huit jours après 64° 40′ côte clarie 1838 l'anglais wilkes s'avançait jusqu'au soixante-neuvième parallèle centième méridien 1839 l'anglais balleny découvrait terre sabrina limite cercle polaire enfin 1842 l'anglais james ross montant l'_erebus_ _terror_ 12 janvier 76° 56′ latitude 171° 7′ longitude trouvait terre victoria 23 mois relevait soixante-quatorzième parallèle plus haut point atteint jusqu'alors 27 76° 8′ 28 77° 32′ 2 février 78° 4′ 1842 revenait soixante-onzième degré qu'il put dépasser eh bien capitaine nemo 21 mars 1868 j'ai atteint pôle sud quatre-vingt-dixième degré prends possession cette partie globe égale sixième continents reconnus —au nom capitaine —au mien monsieur » disant capitaine nemo déploya pavillon noir portant d'or écartelé étamine puis retournant vers l'astre jour dont derniers rayons léchaient l'horizon mer « adieu soleil s'écria-t-il disparais astre radieux couche-toi sous cette mer libre laisse nuit six mois étendre ombres nouveau domaine »
38,Chapter 39,xv accident incident lendemain 22 mars six heures matin préparatifs départ commencés dernières lueurs crépuscule fondaient nuit froid vif constellations resplendissaient surprenante intensité zénith brillait cette admirable croix sud l'étoile polaire régions antarctiques thermomètre marquait douze degrés au-dessous zéro quand vent fraîchissait causait piquantes morsures glaçons multipliaient l'eau libre mer tendait prendre partout nombreuses plaques noirâtres étalées surface annonçaient prochaine formation jeune glace évidemment bassin austral gelé pendant six mois l'hiver absolument inaccessible devenaient baleines pendant cette période sans doute elles allaient dessous banquise chercher mers plus praticables phoques morses habitués vivre sous plus durs climats restaient parages glacés animaux l'instinct creuser trous ice-fields maintenir toujours ouverts c'est trous qu'ils viennent respirer quand oiseaux chassés froid émigré vers nord mammifères marins demeurent seuls maîtres continent polaire cependant réservoirs d'eau s'étaient remplis _nautilus_ descendait lentement a profondeur mille pieds s'arrêta hélice battit flots s'avança droit nord vitesse quinze milles l'heure vers soir flottait déjà sous l'immense carapace glacée banquise panneaux salon fermés prudence car coque _nautilus_ pouvait heurter quelque bloc immergé aussi passai cette journée mettre notes net esprit tout entier souvenirs pôle atteint point inaccessible sans fatigues sans danger comme si wagon flottant glissé rails d'un chemin fer maintenant retour commençait véritablement réserverait-il encore pareilles surprises pensais tant série merveilles sous-marines inépuisable cependant depuis cinq mois demi hasard jetés bord franchi quatorze mille lieues parcours plus étendu l'équateur terrestre combien d'incidents curieux terribles charmé voyage chasse forêts crespo l'échouement détroit torrès cimetière corail pêcheries ceyland tunnel arabique feux santorin millions baie vigo l'atlantide pôle sud pendant nuit tous souvenirs passant rêve rêve laissèrent cerveau sommeiller instant a trois heures matin réveillé choc violent m'étais redressé lit j'écoutais milieu l'obscurité quand précipité brusquement milieu chambre évidemment _nautilus_ donnait bande considérable après avoir touché m'accotai parois traînai coursives jusqu'au salon qu'éclairait plafond lumineux meubles renversés heureusement vitrines solidement saisies pied tenu bon tableaux tribord sous déplacement verticale collaient tapisseries tandis ceux bâbord s'en écartaient d'un pied bordure inférieure _nautilus_ donc couché tribord plus complétement immobile a l'intérieur j'entendais bruit voix confuses capitaine nemo parut moment où j'allais quitter salon ned land conseil entrèrent « a-t-il dis-je aussitôt —je venais demander monsieur répondit conseil —mille diables s'écria canadien sais bien _nautilus_ a touché juger gîte qu'il donne crois qu'il s'en tire comme première fois détroit torrès —mais moins demandai-je est-il revenu surface mer —nous l'ignorons répondit conseil —il facile s'en assurer » répondis-je consultai manomètre a grande surprise indiquait profondeur trois cent soixante mètres « qu'est-ce cela veut dire m'écriai-je —il faut interroger capitaine nemo dit conseil —mais où trouver demanda ned land —suivez-moi » dis-je deux compagnons quittâmes salon bibliothèque personne a l'escalier central poste l'équipage personne supposai capitaine nemo devait être posté cage timonier mieux d'attendre revînmes tous trois salon passerai sous silence récriminations canadien beau jeu s'emporter laissai exhaler mauvaise humeur tout aise sans répondre ainsi depuis vingt minutes cherchant surprendre moindres bruits produisaient l'intérieur _nautilus_ quand capitaine nemo entra sembla voir physionomie habituellement si impassible révélait certaine inquiétude observa silencieusement boussole manomètre vint poser doigt point planisphère cette partie représentait mers australes voulus l'interrompre seulement quelques instants plus tard lorsqu'il tourna vers dis retournant contre expression dont s'était servi détroit torrès « incident capitaine —non monsieur répondit-il accident cette fois —grave —peut-être —le danger est-il immédiat —non —le _nautilus_ s'est échoué —oui —et cet échouement venu ... —d'un caprice nature non l'impéritie hommes faute a commise manœuvres toutefois saurait empêcher l'équilibre produire effets peut braver lois humaines non résister lois naturelles. » singulier moment choisissait capitaine nemo livrer cette réflexion philosophique somme réponse m'apprenait rien « puis-je savoir monsieur demandai-je quelle cause cet accident —un énorme bloc glace montagne entière s'est retournée répondit-il lorsque ice-bergs minés base eaux plus chaudes chocs réitérés centre gravité remonte alors retournent grand culbutent c'est arrivé l'un blocs renversant a heurté _nautilus_ flottait sous eaux puis glissant sous coque relevant irrésistible force a ramené couches moins denses où trouve couché flanc illustration ascension pénible page 355 —mais peut-on dégager _nautilus_ vidant réservoirs manière remettre équilibre —c'est fait moment monsieur pouvez entendre pompes fonctionner voyez l'aiguille manomètre indique _nautilus_ remonte bloc glace remonte jusqu qu'un obstacle arrête mouvement ascensionnel position changée. » effet _nautilus_ donnait toujours bande tribord sans doute redresserait lorsque bloc s'arrêterait lui-même moment sait si n'aurions heurté partie supérieure banquise si effroyablement pressés entre deux surfaces glacées illustration « adieu soleil » s'écria-t-il page 357 réfléchissais toutes conséquences cette situation capitaine nemo cessait d'observer manomètre _nautilus_ depuis chute l'ice-berg remonté cent cinquante pieds environ faisait toujours angle perpendiculaire soudain léger mouvement fit sentir coque évidemment _nautilus_ redressait peu objets suspendus salon reprenaient sensiblement position normale parois rapprochaient verticalité personne parlait cœur ému observions sentions redressement plancher redevenait horizontal sous pieds dix minutes s'écoulèrent « enfin droit m'écriai-je —oui dit capitaine nemo dirigeant vers porte salon —mais flotterons-nous demandai-je —certainement répondit-il puisque réservoirs encore vidés vidés _nautilus_ devra remonter surface mer. » capitaine sortit vis bientôt ordres arrêté marche ascensionnelle _nautilus_ effet bientôt heurté partie inférieure banquise mieux valait maintenir entre deux eaux « l'avons échappé belle dit alors conseil —oui pouvions être écrasés entre blocs glace tout moins emprisonnés alors faute pouvoir renouveler l'air ... oui l'avons échappé belle —si c'est fini » murmura ned land voulus entamer canadien discussion sans utilité répondis d'ailleurs panneaux s'ouvrirent moment lumière extérieure fit irruption travers vitre dégagée pleine eau ainsi l'ai dit distance dix mètres chaque côté _nautilus_ s'élevait éblouissante muraille glace au-dessus au-dessous muraille au-dessus parce surface inférieure banquise développait comme plafond immense au-dessous parce bloc culbuté glissé peu peu trouvé murailles latérales deux points d'appui maintenaient cette position _nautilus_ emprisonné véritable tunnel glace d'une largeur vingt mètres environ rempli d'une eau tranquille donc facile d'en sortir marchant avant arrière reprendre ensuite quelques centaines mètres plus bas libre passage sous banquise plafond lumineux éteint cependant salon resplendissait d'une lumière intense c'est puissante réverbération parois glace renvoyait violemment nappes fanal saurais peindre l'effet rayons voltaïques grands blocs capricieusement découpés dont chaque angle chaque arête chaque facette jetait lueur différente suivant nature veines couraient glace mine éblouissante gemmes particulièrement saphirs croisaient leurs jets bleus jet vert émeraudes ça là nuances opalines d'une douceur infinie couraient milieu points ardents comme autant diamants feu dont l'œil pouvait soutenir l'éclat puissance fanal centuplée comme celle d'une lampe travers lames lenticulaires d'un phare premier ordre « c'est beau c'est beau s'écria conseil —oui dis-je c'est admirable spectacle n'est-ce ned —eh mille diables oui riposta ned land c'est superbe rage d'être forcé d'en convenir a jamais rien vu pareil spectacle-là pourra coûter cher s'il faut tout dire pense voyons ici choses dieu voulu interdire regards l'homme » ned raison c'était trop beau tout coup cri conseil fit retourner « a-t-il demandai-je —que monsieur ferme yeux monsieur regarde » conseil disant appliquait vivement mains paupières « qu'as-tu garçon —je ébloui aveuglé » regards portèrent involontairement vers vitre pus supporter feu dévorait compris s'était passé _nautilus_ venait mettre marche grande vitesse tous éclats tranquilles murailles glace s'étaient alors changés raies fulgurantes feux myriades diamants confondaient _nautilus_ emporté hélice voyageait fourreau d'éclairs panneaux salon refermèrent alors tenions mains yeux tout imprégnés lueurs concentriques flottent devant rétine lorsque rayons solaires l'ont trop violemment frappée fallut certain temps calmer trouble regards enfin mains s'abaissèrent « foi l'aurais jamais cru dit conseil —et crois encore riposta canadien —quand reviendrons terre ajouta conseil blasés tant merveilles nature penserons-nous misérables continents petits ouvrages sortis main hommes non monde habité n'est plus digne » telles paroles bouche d'un impassible flamand montrent quel degré d'ébullition monté enthousiasme canadien manqua jeter goutte d'eau froide « monde habité dit secouant tête tranquille ami conseil reviendrons » alors cinq heures matin moment choc produisit l'avant _nautilus_ compris éperon venait heurter bloc glace devait être fausse manœuvre car tunnel sous-marin obstrué blocs n'offrait navigation facile pensai donc capitaine nemo modifiant route tournerait obstacles suivrait sinuosités tunnel tout cas marche avant pouvait être absolument enrayée toutefois contre attente _nautilus_ prit mouvement rétrograde très-prononcé « revenons arrière dit conseil —oui répondis-je faut côté tunnel sans issue —et alors ... —alors dis-je manœuvre bien simple retournerons sortirons l'orifice sud voilà tout. » parlant ainsi voulais paraître plus rassuré l'étais réellement cependant mouvement rétrograde _nautilus_ s'accélérait marchant contre hélice entraînait grande rapidité « retard dit ned —qu'importe quelques heures plus moins pourvu qu'on sorte —oui répéta ned land pourvu qu'on sorte » promenai pendant quelques instants salon bibliothèque compagnons assis taisaient jetai bientôt divan pris livre yeux parcoururent machinalement quart d'heure après conseil s'étant approché dit « est-ce bien intéressant lit monsieur —très-intéressant répondis-je —je crois c'est livre monsieur lit monsieur —mon livre » effet tenais main l'ouvrage _grands fonds sous-marins_ m'en doutais fermai livre repris promenade ned conseil levèrent retirer « restez amis dis-je retenant restons ensemble jusqu'au moment où sortis cette impasse —comme plaira monsieur » répondit conseil quelques heures s'écoulèrent j'observais souvent instruments suspendus paroi salon manomètre indiquait _nautilus_ maintenait profondeur constante trois cents mètres boussole qu'il dirigeait toujours sud loch qu'il marchait vitesse vingt milles l'heure vitesse excessive espace aussi resserré capitaine nemo savait qu'il pouvait trop hâter qu'alors minutes valaient siècles a huit heures vingt-cinq second choc lieu a l'arrière cette fois pâlis compagnons s'étaient rapprochés j'avais saisi main conseil interrogions regard plus directement si mots interprété pensée moment capitaine entra salon j'allai « route barrée sud demandai-je —oui monsieur l'ice-berg retournant a fermé toute issue —nous bloqués —oui »
39,Chapter 40,xvi faute d'air ainsi autour _nautilus_ au-dessus au-dessous impénétrable mur glace prisonniers banquise canadien frappé table formidable poing conseil taisait regardai capitaine figure repris impassibilité habituelle s'était croisé bras réfléchissait _nautilus_ bougeait plus capitaine prit alors parole « messieurs dit-il d'une voix calme a deux manières mourir conditions où sommes. » cet inexplicable personnage l'air d'un professeur mathématiques fait démonstration élèves « première reprit-il c'est mourir écrasés seconde c'est mourir asphyxiés parle possibilité mourir faim car approvisionnements _nautilus_ dureront certainement plus préoccupons-nous donc chances d'écrasement d'asphyxie —quant l'asphyxie capitaine répondis-je n'est craindre car réservoirs pleins —juste reprit capitaine nemo donneront deux jours d'air or voilà trente-six heures enfouis sous eaux déjà l'atmosphère alourdie _nautilus_ demande être renouvelée quarante huit heures réserve épuisée —eh bien capitaine délivrés avant quarante huit heures —nous tenterons moins perçant muraille entoure —de quel côté demandai-je —c'est sonde apprendra vais échouer _nautilus_ banc inférieur hommes revêtus scaphandres attaqueront l'ice-berg paroi moins épaisse —peut-on ouvrir panneaux salon —sans inconvénient marchons plus. » capitaine nemo sortit bientôt sifflements m'apprirent l'eau s'introduisait réservoirs _nautilus_ s'abaissa lentement reposa fond glace profondeur trois cent cinquante mètres profondeur laquelle immergé banc glace inférieur « amis dis-je situation grave compte courage énergie —monsieur répondit canadien n'est moment ennuierai récriminations prêt tout faire salut commun —bien ned dis-je tendant main canadien —j'ajouterai reprit-il qu'habile manier pic comme harpon si puis être utile capitaine peut disposer —il refusera aide venez ned. » conduisis canadien chambre où hommes _nautilus_ revêtaient leurs scaphandres fis part capitaine proposition ned acceptée canadien endossa costume mer aussitôt prêt compagnons travail chacun d'eux portait dos l'appareil rouquayrol auquel réservoirs fourni large contingent d'air pur emprunt considérable nécessaire fait réserve _nautilus_ quant lampes ruhmkorff elles devenaient inutiles milieu eaux lumineuses saturées rayons électriques lorsque ned habillé rentrai salon dont vitres découvertes posté près conseil j'examinai couches ambiantes supportaient _nautilus_ quelques instants après voyions douzaine d'hommes l'équipage prendre pied banc glace parmi ned land reconnaissable haute taille capitaine nemo avant procéder creusement murailles fit pratiquer sondages devaient assurer bonne direction travaux longues sondes enfoncées parois latérales après quinze mètres elles encore arrêtées l'épaisse muraille inutile s'attaquer surface plafonnante puisque c'était banquise elle-même mesurait plus quatre cents mètres hauteur capitaine nemo fit alors sonder surface inférieure là dix mètres parois séparaient l'eau telle l'épaisseur cet ice-field dès lors s'agissait d'en découper morceau égal superficie ligne flottaison _nautilus_ c'était environ six mille cinq cents mètres cubes détacher afin creuser trou lequel descendrions au-dessous champ glace travail immédiatement commencé conduit infatigable opiniâtreté lieu creuser autour _nautilus_ entraîné plus grandes difficultés capitaine nemo fit dessiner l'immense fosse huit mètres hanche bâbord puis hommes taraudèrent simultanément plusieurs points circonférence bientôt pic attaqua vigoureusement cette matière compacte gros blocs détachés masse curieux effet pesanteur spécifique blocs moins lourds l'eau s'envolaient ainsi dire voûte tunnel s'épaississait haut dont diminuait bas peu importait moment paroi inférieure s'amincissait d'autant après deux heures d'un travail énergique ned land rentra épuisé compagnons remplacés nouveaux travailleurs auxquels joignîmes conseil second _nautilus_ dirigeait l'eau parut singulièrement froide réchauffai promptement maniant pic mouvements très-libres bien qu'ils produisissent sous pression trente atmosphères quand rentrai après deux heures travail prendre quelque nourriture quelque repos trouvai notable différence entre fluide pur fournissait l'appareil rouquayrol l'atmosphère _nautilus_ déjà chargée d'acide carbonique l'air n'avait renouvelé depuis quarante-huit heures qualités vivifiantes considérablement affaiblies cependant laps douze heures n'avions enlevé qu'une tranche glace épaisse d'un mètre superficie dessinée environ six cents mètres cubes admettant travail accompli douze heures fallait encore cinq nuits quatre jours mener bonne fin cette entreprise « cinq nuits quatre jours dis-je compagnons n'avons deux jours d'air réservoirs —sans compter répliqua ned qu'une fois sortis cette damnée prison encore emprisonnés sous banquise sans communication possible l'atmosphère » réflexion juste pouvait alors prévoir minimum temps nécessaire délivrance l'asphyxie aurait-elle étouffés avant _nautilus_ pu revenir surface flots était-il destiné périr tombeau glace tous ceux qu'il renfermait situation paraissait terrible chacun l'avait envisagée face tous décidés faire devoir jusqu'au bout illustration murailles latérales rapprochaient peu peu page 368 suivant prévisions pendant nuit nouvelle tranche d'un mètre enlevée l'immense alvéole matin quand revêtu scaphandre parcourus masse liquide température six a sept degrés au-dessous zéro remarquai murailles latérales rapprochaient peu peu couches d'eau éloignées fosse n'échauffaient travail hommes jeu outils marquaient tendance solidifier présence nouveau imminent danger devenaient chances salut comment empêcher solidification milieu liquide fait éclater comme verre parois _nautilus_ illustration étendu divan page 374 fis point connaître nouveau danger deux compagnons a quoi bon risquer d'abattre cette énergie qu'ils employaient pénible travail sauvetage lorsque revenu bord fis observer capitaine nemo cette grave complication « sais dit-il calme pouvaient modifier plus terribles conjonctures c'est danger plus vois aucun moyen parer seule chance salut c'est d'aller plus vite solidification s'agit d'arriver premiers voilà tout. » arriver premiers enfin j'aurais dû être habitué façons parler cette journée pendant plusieurs heures maniai pic opiniâtreté travail soutenait d'ailleurs travailler c'était quitter _nautilus_ c'était respirer directement cet air pur emprunté réservoirs fourni appareils c'était abandonner atmosphère appauvrie viciée vers soir fosse s'était encore creusée d'un mètre quand rentrai bord faillis être asphyxié l'acide carbonique dont l'air saturé ah n'avions moyens chimiques permis chasser gaz délétère l'oxygène manquait toute cette eau contenait quantité considérable décomposant puissantes piles restitué fluide vivifiant bien songé quoi bon puisque l'acide carbonique produit respiration envahi toutes parties navire l'absorber fallu remplir récipients potasse caustique agiter incessamment or cette matière manquait bord rien pouvait remplacer soir là capitaine nemo dut ouvrir robinets réservoirs lancer quelques colonnes d'air pur l'intérieur _nautilus_ sans cette précaution réveillés lendemain 26 mars repris travail mineur entamant cinquième mètre parois latérales surface inférieure banquise s'épaississaient visiblement évident qu'elles rejoindraient avant _nautilus_ parvenu dégager désespoir prit instant pic près s'échapper mains a quoi bon creuser si devais périr étouffé écrasé cette eau faisait pierre supplice férocité sauvages n'eût inventé semblait j'étais entre formidables mâchoires d'un monstre rapprochaient irrésistiblement moment capitaine nemo dirigeant travail travaillant lui-même passa près touchai main montrai parois prison muraille tribord s'était avancée moins quatre mètres coque _nautilus_ capitaine comprit fit signe suivre rentrâmes bord scaphandre ôté l'accompagnai salon « monsieur aronnax dit-il faut tenter quelque héroïque moyen allons être scellés cette eau solidifiée comme ciment —oui dis-je faire —ah s'écria-t-il si _nautilus_ assez fort supporter cette pression sans être écrasé —eh bien demandai-je saisissant l'idée capitaine —ne comprenez-vous reprit-il cette congélation l'eau viendrait aide voyez-vous solidification ferait éclater champs glace emprisonnent comme fait gelant éclater pierres plus dures sentez-vous qu'elle agent salut lieu d'être agent destruction —oui capitaine peut-être quelque résistance l'écrasement possède _nautilus_ pourrait supporter cette épouvantable pression s'aplatirait comme feuille tôle —je sais monsieur faut donc compter secours nature nous-mêmes faut s'opposer cette solidification faut l'enrayer non-seulement parois latérales resserrent reste dix pieds d'eau l'avant l'arrière _nautilus_ congélation gagne tous côtés —combien temps demandai-je l'air réservoirs permettra-t-il respirer bord » capitaine regarda face « après demain dit-il réservoirs vides » sueur froide m'envahit cependant devais-je m'étonner cette réponse 22 mars _nautilus_ s'était plongé sous eaux libres pôle 26 depuis cinq jours vivions réserves bord restait d'air respirable fallait conserver travailleurs moment où j'écris choses impression tellement vive encore qu'une terreur involontaire s'empare tout être l'air semble manquer poumons cependant capitaine nemo réfléchissait silencieux immobile visiblement idée traversait l'esprit paraissait repousser répondait négativement lui-même enfin mots s'échappèrent lèvres « l'eau bouillante murmura-t-il —l'eau bouillante m'écriai-je —oui monsieur renfermés espace relativement restreint est-ce jets d'eau bouillante constamment injectée pompes _nautilus_ n'élèveraient température milieu retarderaient congélation —il faut l'essayer dis-je résolûment —essayons monsieur professeur. » thermomètre marquait alors moins sept degrés l'extérieur capitaine nemo conduisit cuisines où fonctionnaient vastes appareils distillatoires fournissaient l'eau potable évaporation chargèrent d'eau toute chaleur électrique piles lancée travers serpentins baignés liquide quelques minutes cette eau atteint cent degrés dirigée vers pompes pendant qu'une eau nouvelle remplaçait fur mesure chaleur développée piles telle l'eau froide puisée mer après avoir seulement traversé appareils arrivait bouillante corps pompe l'injection commença trois heures après thermomètre marquait extérieurement six degrés au-dessous zéro c'était degré gagné deux heures plus tard thermomètre n'en marquait quatre « réussirons dis-je capitaine après avoir suivi contrôlé nombreuses remarques progrès l'opération —je pense répondit-il écrasés n'avons plus l'asphyxie craindre. » pendant nuit température l'eau remonta degré au-dessous zéro injections purent porter point plus élevé comme congélation l'eau mer produit moins deux degrés enfin rassuré contre dangers solidification lendemain 27 mars six mètres glace arrachés l'alvéole quatre mètres seulement restaient enlever c'étaient encore quarante-huit heures travail l'air pouvait plus être renouvelé l'intérieur _nautilus_ aussi cette journée alla-t-elle toujours empirant lourdeur intolérable m'accabla vers trois heures soir sentiment d'angoisse porté degré violent bâillements disloquaient mâchoires poumons haletaient cherchant fluide comburant indispensable respiration raréfiait plus plus torpeur morale s'empara j'étais étendu sans force presque sans connaissance brave conseil pris mêmes symptômes souffrant mêmes souffrances quittait prenait main m'encourageait l'entendais encore murmurer « ah si pouvais respirer laisser plus d'air monsieur » larmes venaient yeux l'entendre parler ainsi si situation tous intolérable l'intérieur quelle hâte quel bonheur revêtions scaphandres travailler tour pics résonnaient couche glacée bras fatiguaient mains s'écorchaient qu'étaient fatigues qu'importaient blessures l'air vital arrivait poumons respirait respirait cependant personne prolongeait delà temps voulu travail sous eaux tâche accomplie chacun remettait compagnons haletants réservoir devait verser vie capitaine nemo donnait l'exemple soumettait premier cette sévère discipline l'heure arrivée cédait appareil autre rentrait l'atmosphère viciée bord toujours calme sans défaillance sans murmure jour-là travail habituel accompli plus vigueur encore deux mètres seulement restaient enlever toute superficie deux mètres seulement séparaient mer libre réservoirs presque vides d'air peu restait devait être conservé travailleurs atome _nautilus_ lorsque rentrai bord demi-suffoqué quelle nuit saurais peindre telles souffrances peuvent être décrites lendemain respiration oppressée douleurs tête mêlaient d'étourdissants vertiges faisaient homme ivre compagnons éprouvaient mêmes symptômes quelques hommes l'équipage râlaient jour-là sixième emprisonnement capitaine nemo trouvant trop lents pioche pic résolut d'écraser couche glaces séparait encore nappe liquide cet homme conservé sang froid énergie domptait force morale douleurs physiques pensait combinait agissait d'après ordre bâtiment soulagé c'est-à-dire soulevé couche glacée changement pesanteur spécifique lorsqu'il flotta hâla manière l'amener au-dessus l'immense fosse dessinée suivant ligne flottaison puis réservoirs d'eau s'emplissant descendit s'emboîta l'alvéole moment tout l'équipage rentra bord double porte communication fermée _nautilus_ reposait alors couche glace n'avait mètre d'épaisseur sondes trouée mille endroits robinets réservoirs alors ouverts grand cent mètres cubes d'eau précipitèrent accroissant cent mille kilogrammes poids _nautilus_ attendions écoutions oubliant souffrances espérant encore jouions salut dernier coup malgré bourdonnements emplissaient tête j'entendis bientôt frémissements sous coque _nautilus_ dénivellement produisit glace craqua fracas singulier pareil celui papier déchire _nautilus_ s'abaissa « passons » murmura conseil oreille pus répondre saisis main pressai convulsion involontaire tout-à-coup emporté effroyable surcharge _nautilus_ s'enfonça comme boulet sous eaux c'est-à-dire qu'il tomba comme fait vide alors toute force électrique mise pompes aussitôt commencèrent chasser l'eau réservoirs après quelques minutes chute enrayée bientôt manomètre indiqua mouvement ascensionnel l'hélice marchant toute vitesse fit tressaillir coque tôle jusque boulons entraîna vers nord devait durer cette navigation sous banquise jusqu mer libre jour encore mort avant a demi étendu divan bibliothèque suffoquais face violette lèvres bleues facultés suspendues voyais plus n'entendais plus notion temps disparu esprit muscles pouvaient contracter heures s'écoulèrent ainsi saurais évaluer j'eus conscience agonie commençait compris j'allais mourir ... soudain revins quelques bouffées d'air pénétraient poumons étions-nous remontés surface flots avions-nous franchi banquise non c'étaient ned conseil deux braves amis sacrifiaient sauver quelques atomes d'air restaient encore fond d'un appareil lieu respirer l'avaient conservé tandis qu'il suffoquaient versaient vie goutte goutte voulus repousser l'appareil tinrent mains pendant quelques instants respirai volupté regards portèrent vers l'horloge onze heures matin devions être 28 mars _nautilus_ marchait vitesse effrayante quarante milles l'heure tordait eaux où capitaine nemo avait-il succombé compagnons étaient-ils morts moment manomètre indiqua n'étions plus vingt pieds surface simple champ glace séparait l'atmosphère pouvait-on briser peut-être tout cas _nautilus_ allait tenter sentis effet qu'il prenait position oblique abaissant arrière relevant éperon introduction d'eau suffi rompre équilibre puis poussé puissante hélice attaqua l'ice-field en-dessous comme formidable bélier crevait peu peu retirait donnait toute vitesse contre champ déchirait enfin emporté élan suprême s'élança surface glacée qu'il écrasa poids panneau ouvert pourrait dire arraché l'air pur s'introduisit flots toutes parties _nautilus_
40,Chapter 41,xvii cap horn a l'amazone comment étais-je plate-forme saurais dire peut-être canadien avait-il transporté respirais humais l'air vivifiant mer deux compagnons s'enivraient près fraîches molécules malheureux trop longtemps privés nourriture peuvent jeter inconsidérément premiers aliments qu'on présente contraire n'avions modérer pouvions aspirer pleins poumons atomes cette atmosphère c'était brise brise elle-même versait cette voluptueuse ivresse « ah faisait conseil c'est bon l'oxygène monsieur craigne respirer a tout monde. » quant ned land parlait ouvrait mâchoires effrayer requin quelles puissantes aspirations canadien « tirait » comme poële pleine combustion forces revinrent promptement lorsque regardai autour vis seuls plate-forme aucun homme l'équipage capitaine nemo étranges marins _nautilus_ contentaient l'air circulait l'intérieur aucun n'était venu délecter pleine atmosphère premières paroles prononçai paroles remerciements gratitude deux compagnons ned conseil prolongé existence pendant dernières heures cette longue agonie toute reconnaissance pouvait payer trop tel dévouement « bon monsieur professeur répondit ned land cela vaut peine d'en parler quel mérite avons-nous cela aucun n'était qu'une question d'arithmétique existence valait plus nôtre donc fallait conserver illustration respirais page 375 —non ned répondis-je valait plus personne n'est supérieur homme généreux bon l'êtes —c'est bien c'est bien répétait canadien embarrassé brave conseil bien souffert —mais trop tout dire monsieur manquait bien quelques gorgées d'air crois fait d'ailleurs regardais monsieur pâmait cela donnait moindre envie respirer cela coupait comme dit respir ... » conseil confus s'être jeté banalité n'acheva « amis répondis-je vivement ému liés uns autres jamais droits ... illustration aussitôt voilà conseil renversé page 382 —dont j'abuserai riposta canadien —hein fit conseil —oui reprit ned land droit entraîner quand quitterai cet infernal _nautilus_ —au fait dit conseil allons-nous bon côté —oui répondis-je puisque allons côté soleil ici soleil c'est nord —sans doute reprit ned land reste savoir si rallions pacifique l'atlantique c'est-à-dire mers fréquentées désertes. » a cela pouvais répondre craignais capitaine nemo ramenât plutôt vers vaste océan baigne fois côtes l'asie l'amérique compléterait ainsi tour monde sous-marin reviendrait vers mers où _nautilus_ trouvait plus entière indépendance si retournions pacifique loin toute terre habitée devenaient projets ned land devions avant peu être fixés point important _nautilus_ marchait rapidement cercle polaire bientôt franchi cap mis promontoire horn travers pointe américaine 31 mars sept heures soir alors toutes souffrances passées oubliées souvenir cet emprisonnement glaces s'effaçait esprit songions l'avenir capitaine nemo paraissait plus ni salon ni plate-forme point reporté chaque jour planisphère fait second permettait relever direction exacte _nautilus_ or soir là devint évident grande satisfaction revenions nord route l'atlantique j'appris canadien conseil résultat observations « bonne nouvelle répondit canadien où va _nautilus_ —je saurais dire ned —son capitaine voudrait-il après pôle sud affronter pôle nord revenir pacifique fameux passage nord-ouest —il faudrait l'en défier répondit conseil —eh bien dit canadien fausserons compagnie auparavant —en tout cas ajouta conseil c'est maître homme capitaine nemo regretterons l'avoir connu —surtout quand l'aurons quitté » riposta ned land lendemain premier avril lorsque _nautilus_ remonta surface flots quelques minutes avant midi connaissance d'une côte l'ouest c'était terre feu laquelle premiers navigateurs donnèrent nom voyant fumées nombreuses s'élevaient huttes indigènes cette terre feu forme vaste agglomération d'îles s'étend trente lieues long quatre-vingts lieues large entre 53° 56° latitude australe 67° 50′ 77° 15′ longitude ouest côte parut basse loin dressaient hautes montagnes crus entrevoir mont sarmiento élevé deux mille soixante-dix mètres au-dessus niveau mer bloc pyramidal schiste sommet très-aigu suivant qu'il voilé dégagé vapeurs « annonce beau mauvais temps » dit ned land « fameux baromètre ami —oui monsieur baromètre naturel a jamais trompé quand naviguais passes détroit magellan. » moment pic parut nettement découpé fond ciel c'était présage beau temps réalisa _nautilus_ rentré sous eaux rapprocha côte qu'il prolongea quelques milles seulement vitres salon vis longues lianes fucus gigantesques varechs porte-poires dont mer libre pôle renfermait quelques échantillons leurs filaments visqueux polis mesuraient jusqu trois cents mètres longueur véritables câbles plus gros pouce très-résistants servent souvent d'amarres navires autre herbe connue sous nom velp feuilles longues quatre pieds empâtées concrétions coralligènes tapissait fonds servait nid nourriture myriades crustacés mollusques crabes seiches là phoques loutres livraient splendides repas mélangeant chair poisson légumes mer suivant méthode anglaise fonds gras luxuriants _nautilus_ passait extrême rapidité vers soir rapprocha l'archipel malouines dont pus lendemain reconnaître âpres sommets profondeur mer médiocre pensai donc non sans raison deux îles entourées d'un grand nombre d'îlots faisaient autrefois partie terres magellaniques malouines probablement découvertes célèbre john davis imposa nom davis-southern islands plus tard richard hawkins appela maiden-islands îles vierge elles ensuite nommée malouines commencement dix-huitième siècle pêcheurs saint-malo enfin falkland anglais auxquels elles appartiennent aujourd'hui parages filets rapportèrent beaux spécimens d'algues particulièrement certain fucus dont racines chargées moules meilleures monde oies canards s'abattirent douzaines plate-forme prirent place bientôt offices bord fait poissons j'observai spécialement osseux appartenant genre gobie surtout boulerots longs deux décimètres tout parsemés taches blanchâtres jaunes j'admirai également nombreuses méduses plus belles genre chrysaores particulières mers malouines tantôt elles figuraient ombrelle demi-sphérique très-lisse rayée lignes d'un rouge brun terminée douze festons réguliers tantôt c'était corbeille renversée d'où s'échappaient gracieusement larges feuilles longues ramilles rouges elles nageaient agitant leurs quatre bras foliacés laissaient pendre dérive opulente chevelure tentacules j'aurais voulu conserver quelques échantillons délicats zoophytes nuages ombres apparences fondent s'évaporent hors élément natal lorsque dernières hauteurs malouines disparu sous l'horizon _nautilus_ s'immergea entre vingt vingt-cinq mètres suivit côte américaine capitaine nemo montrait jusqu'au 3 avril quittâmes parages patagonie tantôt sous l'océan tantôt surface _nautilus_ dépassa large estuaire formé l'embouchure plata trouva 4 avril travers l'uruguay cinquante milles large direction maintenait nord suivait longues sinuosités l'amérique méridionale fait alors seize mille lieues depuis embarquement mers japon vers onze heures matin tropique capricorne coupé trente-septième méridien passâmes large cap frio capitaine nemo grand déplaisir ned land n'aimait voisinage côtes habitées brésil car marchait vitesse vertigineuse poisson oiseau plus rapides pouvaient suivre curiosités naturelles mers échappèrent toute observation cette rapidité soutint pendant plusieurs jours 9 avril soir connaissance pointe plus orientale l'amérique sud forme cap san-roque alors _nautilus_ s'écarta nouveau alla chercher plus grandes profondeurs vallée sous-marine creuse entre cap sierra leone côte africaine cette vallée bifurque hauteur antilles termine nord énorme dépression neuf mille mètres cet endroit coupe géologique l'océan figure jusqu'aux petites antilles falaise six kilomètres taillée pic hauteur îles cap vert autre muraille non moins considérable enferment ainsi tout continent immergé l'atlantide fond cette immense vallée accidenté quelques montagnes ménagent pittoresques aspects fonds sous-marins j'en parle surtout d'après cartes manuscrites contenait bibliothèque _nautilus_ cartes évidemment dues main capitaine nemo levées observations personnelles pendant deux jours eaux désertes profondes visitées moyen plans inclinés _nautilus_ fournissait longues bordées diagonales portaient toutes hauteurs 11 avril releva subitement terre réapparut l'ouvert fleuve amazones vaste estuaire dont débit si considérable qu'il dessale mer espace plusieurs lieues l'équateur coupé a vingt milles l'ouest restaient guyanes terre française laquelle trouvé facile refuge vent soufflait grande brise lames furieuses n'auraient permis simple canot affronter ned land comprit sans doute car parla rien côté fis aucune allusion projets fuite car voulais pousser quelque tentative infailliblement avorté dédommageai facilement retard d'intéressantes études pendant deux journées 11 12 avril _nautilus_ quitta surface mer chalut ramena toute pêche miraculeuse zoophytes poissons reptiles quelques zoophytes dragués chaîne chaluts c'étaient plupart belles phyctallines appartenant famille actinidiens entre autres espèces _phyctalis protexta_ originaire cette partie l'océan petit tronc cylindrique agrémenté lignes verticales tacheté points rouges couronne merveilleux épanouissement tentacules quant mollusques consistaient produits j'avais déjà observés turritelles olives-porphyres lignes régulièrement entrecroisées dont taches rousses relevaient vivement fond chair ptérocères fantaisistes semblables scorpions pétrifiés hyales translucides argonautes seiches excellentes manger certaines espèces calmars naturalistes l'antiquité classaient parmi poissons-volants servent principalement d'appât pêche morue poissons parages n'avais encore l'occasion d'étudier notai diverses espèces parmi cartilagineux pétromizons-pricka sortes d'anguilles longues quinze pouces tête verdâtre nageoires violettes dos gris bleuâtre ventre brun argenté semé taches vives iris yeux cerclé d'or curieux animaux courant l'amazone dû entraîner jusqu'en mer car habitent eaux douces raies tuberculées museau pointu queue longue déliée armées d'un long aiguillon dentelé petits squales d'un mètre gris blanchâtres peau dont dents disposées plusieurs rangs recourbent arrière vulgairement connus sous nom pantouffliers lophies-vespertillions sortes triangles isocèles rougeâtres d'un demi-mètre auxquels pectorales tiennent prolongations charnues donnent l'aspect chauves-souris appendice corné situé près narines a fait surnommer licornes mer enfin quelques espèces batistes curassavien dont flancs pointillés brillent d'une éclatante couleur d'or caprisque violet-clair nuances chatoyantes comme gorge d'un pigeon termine là cette nomenclature peu sèche très-exacte série poissons osseux j'observai passans appartenant genre aptéronotes dont museau très-obtus blanc neige corps peint d'un beau noir munis d'une lanière charnue très-longue très-déliée odontagnathes aiguillonnés longues sardines trois décimètres resplendissant d'un vif éclat argenté scombres-guares pourvus deux nageoires anales centronotes-nègres teintes noires l'on pêche brandons longs poissons deux mètres chair grasse blanche ferme frais goût l'anguille secs goût saumon fumé labres demi-rouges revêtus d'écailles seulement base nageoires dorsales anales chrysoptères lesquels l'or l'argent mêlent éclat ceux rubis topaze spares-queues-d'or dont chair extrêmement délicate leurs propriétés phosphorescentes trahissent milieu eaux spares-pobs langue fine teintes oranges sciènes-coro caudales d'or acanthures-noirauds anableps surinam etc cet « cœtera » saurait m'empêcher citer encore poisson dont conseil souviendra longtemps cause filets rapporté sorte raie très-aplatie queue coupée formé disque parfait pesait vingtaine kilogrammes blanche en-dessous rougeâtre en-dessus grandes taches rondes d'un bleu foncé cerclées noir très-lisse peau terminée nageoire bilobée étendue plate-forme débattait essayait retourner mouvements convulsifs faisait tant d'efforts qu'un dernier soubresaut allait précipiter mer conseil tenait poisson précipita avant pusse l'en empêcher saisit deux mains aussitôt voilà renversé jambes l'air paralysé d'une moitié corps criant « ah maître maître venez moi. » c'était première fois pauvre garçon parlait « troisième personne. » canadien l'avions relevé frictionnions bras raccourcis quand reprit sens cet éternel classificateur murmura d'une voix entrecoupée « classe cartilagineux ordre chondroptérygiens branchies fixes sous-ordre sélaciens famille raies genre torpilles » —oui ami répondis-je c'est torpille a mis déplorable état —ah monsieur peut m'en croire riposta conseil vengerai cet animal —et comment —en mangeant. » qu'il fit soir pure représaille car franchement c'était coriace l'infortuné conseil s'était attaqué torpille plus dangereuse espèce cumana bizarre animal milieu conducteur tel l'eau foudroie poissons plusieurs mètres distance tant grande puissance organe électrique dont deux surfaces principales mesurent moins vingt-sept pieds carrés lendemain 12 avril pendant journée _nautilus_ s'approcha côte hollandaise vers l'embouchure maroni là vivaient famille plusieurs groupes lamantins c'étaient manates comme dugong stellère appartiennent l'ordre syréniens beaux animaux paisibles inoffensifs longs six sept mètres devaient peser moins quatre mille kilogrammes j'appris ned land conseil prévoyante nature assigné mammifères rôle important effet comme phoques doivent paître prairies sous-marines détruire ainsi agglomérations d'herbes obstruent l'embouchure fleuves tropicaux « savez-vous ajoutai-je s'est produit depuis hommes presque entièrement anéanti races utiles c'est herbes putréfiées empoisonné l'air l'air empoisonné c'est fièvre jaune désole admirables contrées végétations vénéneuses multipliées sous mers torrides mal s'est irrésistiblement développé depuis l'embouchure rio plata jusqu'aux florides » s'il faut croire toussenel fléau n'est rien encore auprès celui frappera descendants lorsque mers dépeuplées baleines phoques alors encombrées poulpes méduses calmars elles deviendront vastes foyers d'infection puisque leurs flots posséderont plus « vastes estomacs dieu chargés d'écumer surface mers. » cependant sans dédaigner théories l'équipage _nautilus_ s'empara d'une demi-douzaine manates s'agissait effet d'approvisionner cambuses d'une chair excellente supérieure celle bœuf veau cette chasse intéressante manates laissaient frapper sans défendre plusieurs milliers kilos viande destinée être séchée emmagasinés bord illustration là vivaient famille groupes page 384 jour-là pêche singulièrement pratiquée vint encore accroître réserves _nautilus_ tant mers montraient giboyeuses chalut rapporté mailles certain nombre poissons dont tête terminait plaque ovale rebords charnus c'étaient échénéïdes troisième famille malacoptérygiens subbrachiens disque aplati compose lames cartilagineuses transversales mobiles entre lesquelles l'animal peut opérer vide permet d'adhérer objets façon d'une ventouse rémora j'avais observé méditerranée appartient cette espèce celui dont s'agit ici c'était l'échénéïde ostéochère particulier cette mer marins mesure qu'ils prenaient déposaient bailles pleines d'eau illustration l'attaqua coups harpon page 391 pêche terminée _nautilus_ rapprocha côte cet endroit certain nombre tortues marines dormaient surface flots difficile s'emparer précieux reptiles car moindre bruit éveille solide carapace l'épreuve harpon l'échénéïde devait opérer cette capture sûreté précision extraordinaire cet animal effet hameçon vivant ferait bonheur fortune naïf pêcheur ligne hommes _nautilus_ attachèrent queue poissons anneau assez large gêner leurs mouvements cet anneau longue corde amarrée bord l'autre bout échénéïdes jetés mer commencèrent aussitôt rôle allèrent fixer plastron tortues ténacité telle qu'ils déchirés plutôt lâcher prise halait bord tortues auxquelles adhéraient prit ainsi plusieurs cacouannes larges d'un mètre pesaient deux cents kilos carapace couverte plaques cornées grandes minces transparentes brunes mouchetures blanches jaunes rendait très-précieuses outre elles excellentes point vue comestible ainsi tortues franches d'un goût exquis cette pêche termina séjour parages l'amazone nuit venue _nautilus_ regagna haute mer
41,Chapter 42,xviii poulpes pendant quelques jours _nautilus_ s'écarta constamment côte américaine voulait évidemment fréquenter flots golfe mexique mer antilles cependant l'eau n'eût manqué sous quille puisque profondeur moyenne mers dix huit cents mètres probablement parages semés d'îles sillonnés steamers convenaient capitaine nemo 16 avril connaissance martinique guadeloupe distance trente milles environ j'aperçus instant leurs pitons élevés canadien comptait mettre projets exécution golfe gagnant terre accostant nombreux bateaux font cabotage d'une île l'autre très-décontenancé fuite très-praticable si ned land parvenu s'emparer canot l'insu capitaine plein océan fallait plus songer canadien conseil assez longue conversation sujet depuis six mois prisonniers bord _nautilus_ fait dix sept mille lieues comme disait ned land raison cela finît fit donc proposition laquelle m'attendais poser catégoriquement cette question capitaine nemo capitaine comptait-il garder indéfiniment bord semblable démarche répugnait suivant pouvait aboutir fallait rien espérer commandant _nautilus_ tout seuls d'ailleurs depuis quelque temps cet homme devenait plus sombre plus retiré moins sociable paraissait m'éviter rencontrais rares intervalles autrefois plaisait m'expliquer merveilles sous-marines maintenant m'abandonnait études venait plus salon quel changement s'était opéré quelle cause n'avais rien reprocher peut-être présence bord pesait-elle cependant devais espérer qu'il homme rendre liberté priai donc ned laisser réfléchir avant d'agir si cette démarche n'obtenait aucun résultat pouvait raviver soupçons rendre situation pénible nuire projets canadien j'ajouterai pouvais aucune façon arguer santé si l'on excepte rude épreuve banquise pôle sud jamais mieux portés ni ned ni conseil ni cette nourriture saine cette atmosphère salubre cette régularité d'existence cette uniformité température donnaient prise maladies homme auquel souvenirs terre laissaient aucun regret capitaine nemo chez va où veut voies mystérieuses autres non lui-même marche but comprenais telle existence n'avions rompu l'humanité compte voulais ensevelir études si curieuses si nouvelles j'avais maintenant droit d'écrire vrai livre mer livre voulais plus tôt plus tard pût voir jour là encore eaux antilles dix mètres au-dessous surface flots panneaux ouverts produits intéressants j'eus signaler notes quotidiennes c'étaient entre autres zoophytes galères connues sous nom physalies-pélagiques sortes grosses vessies oblongues reflets nacrés tendant membrane vent laissant flotter leurs tentacules bleus comme fils soie charmantes méduses l'œil véritables orties toucher distillent liquide corrosif c'étaient parmi articulés annélides longs d'un mètre demi armés d'une trompe rose pourvus dix sept cents organes locomoteurs serpentaient sous eaux jetaient passant toutes lueurs spectre solaire c'étaient l'embranchement poissons raies-molubars énormes cartilagineux longs dix pieds pesant six cents livres nageoire pectorale triangulaire milieu dos peu bombé yeux fixés extrémités face antérieure tête flottant comme épave navire s'appliquaient parfois comme opaque volet vitre c'étaient balistes-américains lesquels nature a broyé blanc noir gobies plumiers allongés charnus nageoires jaunes mâchoire proéminente scombres seize décimètres dents courtes aiguës couverts petites écailles appartenant l'espèce albicores puis nuées apparaissaient surmulets corsetés raies d'or tête queue agitant leurs resplendissantes nageoires véritables chefs-d'œuvre bijouterie consacrés autrefois diane particulièrement recherchés riches romains dont proverbe disait « mange prend » enfin pomacanthes-dorés ornés bandelettes émeraude habillés velours soie passaient devant yeux comme seigneurs véronèse spares-éperonnés dérobaient sous rapide nageoire thoracine clupanodons quinze pouces s'enveloppaient leurs lueurs phosphorescentes muges battaient mer grosse queue charnue corégones rouges semblaient faucher flots pectorale tranchante sélènes argentées dignes nom levaient l'horizon eaux comme autant lunes reflets blanchâtres d'autres échantillons merveilleux nouveaux j'eusse encore observés si _nautilus_ peu peu abaissé vers couches profondes plans inclinés l'entraînèrent jusqu fonds deux mille trois mille cinq cents mètres alors vie animale n'était plus représentée encrines étoiles mer charmantes pentacrines tête méduse dont tige droite supportait petit calice troques quenottes sanglantes fissurelles mollusques littoraux grande espèce 20 avril remontés hauteur moyenne quinze cents mètres terre plus rapprochée alors cet archipel îles lucayes disséminées comme tas pavés surface eaux là s'élevaient hautes falaises sous-marines murailles droites faites blocs frustes disposés larges assises entre lesquels creusaient trous noirs rayons électriques n'éclairaient jusqu'au fond roches tapissées grandes herbes laminaires géants fucus gigantesques véritable espalier d'hydrophytes digne d'un monde titans plantes colossales dont parlions conseil ned naturellement amenés citer animaux gigantesques mer unes évidemment destinées nourriture autres cependant vitres _nautilus_ presque immobile n'apercevais encore longs filaments principaux articulés division brachioures lambres longues pattes crabes violacés clios particuliers mers antilles environ onze heures quand ned land attira attention formidable fourmillement produisait travers grandes algues « eh bien dis-je sont-là véritables cavernes poulpes étonné voir quelques-uns monstres —quoi fit conseil calmars simples calmars classe céphalopodes —non dis-je poulpes grande dimension l'ami land s'est trompé sans doute car n'aperçois rien —je regrette répliqua conseil voudrais contempler face face l'un poulpes dont j'ai tant entendu parler peuvent entraîner navires fond abîmes bêtes-là ça nomme krak ... —craque suffit répondit ironiquement canadien —krakens riposta conseil achevant mot sans soucier plaisanterie compagnon —jamais fera croire dit ned land tels animaux existent —pourquoi répondit conseil bien cru narwal monsieur —nous tort conseil —sans doute d'autres croient sans doute encore —c'est probable conseil compte bien décidé n'admettre l'existence monstres lorsque disséqués propre main —ainsi demanda conseil monsieur croit poulpes gigantesques —eh diable a jamais cru s'écria canadien —beaucoup gens ami ned —pas pêcheurs savants peut-être —pardon ned pêcheurs savants —mais parle dit conseil l'air plus sérieux monde rappelle parfaitement avoir vu grande embarcation entraînée sous flots bras d'un céphalopode —vous vu cela demanda canadien —oui ned —de propres yeux —de propres yeux —où s'il plaît —a saint-malo répartit imperturbablement conseil —dans port dit ned land ironiquement —non église répondit conseil —dans église s'écria canadien —oui ami ned c'était tableau représentait poulpe question —bon fit ned land éclatant rire monsieur conseil fait poser —au fait a raison dis-je j'ai entendu parler tableau sujet qu'il représente tiré d'une légende savez qu'il faut penser légendes matière d'histoire naturelle d'ailleurs quand s'agit monstres l'imagination demande s'égarer non-seulement a prétendu poulpes pouvaient entraîner navires certain olaüs magnus parle d'un céphalopode long d'un mille ressemblait plutôt île animal raconte aussi l'évêque nidros dressa jour autel rocher immense messe finie rocher mit marche retourna mer rocher poulpe —et c'est tout demanda canadien —non répondis-je autre évêque pontoppidan berghem parle également d'un poulpe lequel pouvait manœuvrer régiment cavalerie —ils allaient bien évêques d'autrefois dit ned land —enfin naturalistes l'antiquité citent monstres dont gueule ressemblait golfe trop gros passer détroit gibraltar —a bonne heure fit canadien —mais tous récits a-t-il vrai demanda conseil —rien amis rien moins passe limite vraisemblance monter jusqu fable légende toutefois l'imagination conteurs faut sinon cause moins prétexte peut nier qu'il existe poulpes calmars très-grande espèce inférieurs cependant cétacés aristote a constaté dimensions d'un calmar cinq coudées trois mètres dix pêcheurs voient fréquemment dont longueur dépasse mètre quatre-vingts musées trieste montpellier conservent squelettes poulpes mesurent deux mètres d'ailleurs suivant calcul naturalistes animaux long six pieds seulement tentacules longs vingt-sept. suffit faire monstre formidable —en pêche-t-on jours demanda canadien —s'ils n'en pêchent marins voient moins amis capitaine paul bos havre a souvent affirmé qu'il rencontré monstres taille colossale mers l'inde fait plus étonnant permet plus nier l'existence animaux gigantesques s'est passé a quelques années 1861 —quel fait demanda ned land —le voici 1861 nord-est ténériffe peu près latitude où moment l'équipage l'aviso l'_alecton_ aperçut monstrueux calmar nageait eaux commandant bouguer s'approcha l'animal l'attaqua coups harpon coups fusil sans grand succès car balles harpons traversaient chairs molles comme gelée sans consistance après plusieurs tentatives infructueuses l'équipage parvint passer nœud coulant autour corps mollusque nœud glissa jusqu'aux nageoires caudales arrêta essaya alors haler monstre bord poids si considérable qu'il sépara queue sous traction corde privé cet ornement disparut sous eaux —enfin voilà fait dit ned land —un fait indiscutable brave ned aussi a-t-on proposé nommer poulpe « calmar bouguer. » —et quelle longueur demanda canadien —ne mesurait-il six mètres environ dit conseil posté vitre examinait nouveau anfractuosités falaise —précisément répondis-je —sa tête reprit conseil n'était-elle couronnée huit tentacules s'agitaient l'eau comme nichée serpents —précisément —ses yeux placés fleur tête n'avaient-ils développement considérable —oui conseil —et bouche n'était-ce véritable bec perroquet bec formidable —en effet conseil —eh bien n'en déplaise monsieur répondit tranquillement conseil si n'est calmar bouguer voici moins frères. » regardai conseil ned land précipita vers vitre illustration c'était calmar dimensions colossales page 392 « l'épouvantable bête » s'écria-t-il regardai tour pus réprimer mouvement répulsion devant yeux s'agitait monstre horrible digne figurer légendes tératologiques c'était calmar dimensions colossales huit mètres longueur marchait reculons extrême vélocité direction _nautilus_ regardait énormes yeux fixes teintes glauques huit bras plutôt huit pieds implantés tête valu animaux nom céphalopodes développement double corps tordaient comme chevelure furies voyait distinctement deux cent-cinquante ventouses disposées face interne tentacules sous forme capsules semi-sphériques parfois ventouses s'appliquaient vitre salon faisant vide bouche monstre —un bec corne fait comme bec d'un perroquet —s'ouvrait refermait verticalement langue substance cornée armée elle-même plusieurs rangées dents aiguës sortait frémissant cette véritable cisaille quelle fantaisie nature bec d'oiseau mollusque corps fusiforme renflé partie moyenne formait masse charnue devait peser vingt vingt-cinq mille kilogrammes couleur inconstante changeant extrême rapidité suivant l'irritation l'animal passait successivement gris livide brun rougeâtre illustration longs bras glissa l'ouverture page 395 quoi s'irritait mollusque sans doute présence _nautilus_ plus formidable lequel bras suceurs mandibules n'avaient aucune prise cependant quels monstres poulpes quelle vitalité créateur a départie quelle vigueur leurs mouvements puisqu'ils possèdent trois cœurs hasard mis présence calmar voulus laisser perdre l'occasion d'étudier soigneusement cet échantillon céphalopodes surmontai l'horreur m'inspirait aspect prenant crayon commençai dessiner « c'est peut-être celui l'_alecton_ dit conseil —non répondit canadien puisque celui-ci entier l'autre a perdu queue —ce raison répondis-je bras queue animaux reforment rédintégration depuis sept ans queue calmar bouguer a sans doute temps repousser —d'ailleurs riposta ned si n'est celui-ci c'est peut-être ceux-là » effet d'autres poulpes apparaissaient vitre tribord j'en comptai sept. faisaient cortége _nautilus_ j'entendais grincements bec coque tôle servis souhait continuai travail monstres maintenaient eaux telle précision qu'ils semblaient immobiles j'aurais pu décalquer raccourci vitre d'ailleurs marchions sous allure modérée tout coup _nautilus_ s'arrêta choc fit tressaillir toute membrure « est-ce touché demandai-je —en tout cas répondit canadien déjà dégagés car flottons. » _nautilus_ flottait sans doute marchait plus branches hélice battaient flots minute passa capitaine nemo suivi second entra salon l'avais vu depuis quelque temps parut sombre sans parler sans voir peut-être alla panneau regarda poulpes dit quelques mots second celui-ci sortit bientôt panneaux refermèrent plafond s'illumina j'allai vers capitaine « curieuse collection poulpes dis-je dégagé prendrait amateur devant cristal d'un aquarium —en effet monsieur naturaliste répondit-il allons combattre corps corps. » regardai capitaine croyais n'avoir bien entendu « corps corps répétai-je —oui monsieur l'hélice arrêtée pense mandibules cornées l'un calmars engagées branches empêche marcher —et qu'allez-vous faire —remonter surface massacrer toute cette vermine —entreprise difficile —en effet balles électriques impuissantes contre chairs molles où elles trouvent assez résistance éclater attaquerons hache —et harpon monsieur dit canadien si refusez aide —je l'accepte maître land —nous accompagnerons dis-je » suivant capitaine nemo dirigeâmes vers l'escalier central là dizaine d'hommes armés haches d'abordage tenaient prêts l'attaque conseil primes deux haches ned land saisit harpon _nautilus_ alors revenu surface flots marins placé derniers échelons dévissait boulons panneau écrous peine dégagés panneau releva violence extrême évidemment tiré ventouse d'un bras poulpe aussitôt longs bras glissa comme serpent l'ouverture vingt autres s'agitèrent au-dessus d'un coup hache capitaine nemo coupa formidable tentacule glissa échelons tordant moment où pressions uns autres atteindre plate-forme deux autres bras cinglant l'air s'abattirent marin placé devant capitaine nemo l'enlevèrent violence irrésistible capitaine nemo poussa cri s'élança dehors précipités suite quelle scène malheureux saisi tentacule collé ventouses balancé l'air caprice cette énorme trompe râlait étouffait criait a mots _prononcés français_ causèrent profonde stupeur j'avais donc compatriote bord plusieurs peut-être cet appel déchirant l'entendrai toute vie l'infortuné perdu pouvait l'arracher cette puissante étreinte cependant capitaine nemo s'était précipité poulpe d'un coup hache encore abattu bras second luttait rage contre d'autres monstres rampaient flancs _nautilus_ l'équipage battait coups hache canadien conseil enfoncions armes masses charnues violente odeur musc pénétrait l'atmosphère c'était horrible instant crus malheureux enlacé poulpe arraché puissante succion sept bras huit coupés seul brandissant victime comme plume tordait l'air moment où capitaine nemo second précipitaient l'animal lança colonne d'un liquide noirâtre sécrété bourse située abdomen aveuglés quand nuage dissipé calmar disparu infortuné compatriote quelle rage poussa alors contre monstres possédait plus dix douze poulpes envahi plate-forme flancs _nautilus_ roulions pêle-mêle milieu tronçons serpents tressautaient plate-forme flots sang d'encre noire semblait visqueux tentacules renaissaient comme têtes l'hydre harpon ned land chaque coup plongeait yeux glauques calmars crevait audacieux compagnon soudain renversé tentacules d'un monstre qu'il n'avait pu éviter ah comment cœur s'est-il brisé d'émotion d'horreur formidable bec calmar s'était ouvert ned land malheureux allait être coupé deux précipitai secours capitaine nemo m'avait devancé hache disparut entre deux énormes mandibules miraculeusement sauvé canadien relevant plongea harpon tout entier jusqu'au triple cœur poulpe « devais cette revanche » dit capitaine nemo canadien ned s'inclina sans répondre combat duré quart d'heure monstres vaincus mutilés frappés mort laissèrent enfin place disparurent sous flots capitaine nemo rouge sang immobile près fanal regardait mer englouti l'un compagnons grosses larmes coulaient yeux
42,Chapter 43,xix gulf-stream cette terrible scène 20 avril aucun pourra jamais l'oublier l'ai écrite sous l'impression d'une émotion violente depuis j'en revu récit l'ai lu conseil canadien l'ont trouvé exact comme fait insuffisant comme effet peindre pareils tableaux faudrait plume plus illustre poëtes l'auteur _travailleurs mer_ j'ai dit capitaine nemo pleurait regardant flots douleur immense c'était second compagnon qu'il perdait depuis arrivée bord quelle mort cet ami écrasé étouffé brisé formidable bras d'un poulpe broyé sous mandibules fer devait reposer compagnons paisibles eaux cimetière corail milieu cette lutte c'était cri désespoir poussé l'infortuné m'avait déchiré cœur pauvre français oubliant langage convention s'était repris parler langue pays mère jeter suprême appel parmi cet équipage _nautilus_ associé corps d'âme capitaine nemo fuyant comme contact hommes j'avais donc compatriote était-il seul représenter france cette mystérieuse association évidemment composée d'individus nationalités diverses c'était encore insolubles problèmes dressaient sans cesse devant esprit capitaine nemo rentra chambre vis plus pendant quelque temps qu'il devait être triste désespéré irrésolu si j'en jugeais navire dont l'âme recevait toutes impressions _nautilus_ gardait plus direction déterminée allait venait flottait comme cadavre gré lames hélice dégagée cependant s'en servait peine naviguait hasard pouvait s'arracher théâtre dernière lutte cette mer dévoré l'un siens dix jours passèrent ainsi 1er mai seulement _nautilus_ reprit franchement route nord après avoir connaissance lucayes l'ouvert canal bahama suivions alors courant plus grand fleuve mer a rives poissons température propres j'ai nommé gulf-stream c'est fleuve effet coule librement milieu l'atlantique dont eaux mélangent eaux océaniennes c'est fleuve salé plus salé mer ambiante profondeur moyenne trois mille pieds largeur moyenne soixante milles certains endroits courant marche vitesse quatre kilomètres l'heure l'invariable volume eaux plus considérable celui tous fleuves globe véritable source gulf-stream reconnue commandant maury point départ si l'on veut situé golfe gascogne là eaux encore faibles température couleur commencent former descend sud longe l'afrique équatoriale échauffe flots rayons zone torride traverse l'atlantique atteint cap san-roque côte brésilienne bifurque deux branches dont l'une va saturer encore chaudes molécules mer antilles alors gulf-stream chargé rétablir l'équilibre entre températures mêler eaux tropiques eaux boréales commence rôle pondérateur chauffé blanc golfe mexique s'élève nord côtes américaines s'avance jusqu terre-neuve dévie sous poussée courant froid détroit davis reprend route l'océan suivant grands cercles globe ligne loxodromique divise deux bras vers quarante-troisième degré dont l'un aidé l'alizé nord-est revient golfe gascogne açores dont l'autre après avoir attiédi rivages l'irlande norvége va jusqu'au-delà spitzberg où température tombe quatre degrés former mer libre pôle c'est fleuve l'océan _nautilus_ naviguait alors a sortie canal bahama quatorze lieues large trois cent cinquante mètres profondeur gulf-stream marche raison huit kilomètres l'heure cette rapidité décroît régulièrement mesure qu'il s'avance vers nord faut souhaiter cette régularité persiste car si comme a cru remarquer vitesse direction viennent modifier climats européens soumis perturbations dont saurait calculer conséquences vers midi j'étais plate-forme conseil faisais connaître particularités relatives gulf-stream quand explication terminée l'invitai plonger mains courant conseil obéit très-étonné n'éprouver aucune sensation chaud ni froid « cela vient dis-je température eaux gulf-stream sortant golfe mexique peu différente celle sang gulf-stream vaste calorifère permet côtes d'europe parer d'une éternelle verdure s'il faut croire maury chaleur courant totalement utilisée fournirait assez calorique tenir fusion fleuve fer fondu aussi grand l'amazone missouri. » moment vitesse gulf-stream deux mètres vingt-cinq seconde courant tellement distinct mer ambiante eaux comprimées font saillie l'océan qu'un dénivellement s'opère entre elles eaux froides sombres d'ailleurs très-riches matières salines elles tranchent pur indigo flots verts environnent telle netteté ligne démarcation _nautilus_ hauteur carolines trancha éperon flots gulf-stream tandis hélice battait encore ceux l'océan courant entraînait tout monde d'êtres vivants argonautes si communs méditerranée voyageaient troupes nombreuses parmi cartilagineux plus remarquables raies dont queue très-déliée formait peu près tiers corps figuraient vastes losanges longs vingt-cinq pieds puis petits squales d'un mètre tête grande museau court arrondi dents pointues disposées plusieurs rangs dont corps paraissait couvert d'écailles parmi poissons osseux notai labres-grisons particuliers mers spares-synagres dont l'iris brillait comme feu sciènes longues d'un mètre large gueule hérissée petites dents faisaient entendre léger cri centronotes-nègres dont j'ai déjà parlé coriphènes bleus relevés d'or d'argent perroquets vrais arcs-en-ciel l'océan peuvent rivaliser couleur plus beaux oiseaux tropiques blémies-bosquiens tête triangulaire rhombes bleuâtres dépourvus d'écailles batrachoïdes recouverts d'une bande jaune transversale figure _t_ grec fourmillements petits gobies-bos pointillés taches brunes diptérodons tête argentée queue jaune divers échantillons salmones mugilomores sveltes taille brillant d'un éclat doux lacépède a consacrés l'aimable compagne vie enfin beau poisson chevalier-américain décoré tous ordres chamarré tous rubans fréquente rivages cette grande nation où rubans ordres si médiocrement estimés j'ajouterai pendant nuit eaux phosphorescentes gulf-stream rivalisaient l'éclat électrique fanal surtout temps orageux menaçaient fréquemment illustration poulpe brandissait victime comme plume page 396 8 mai encore travers cap hatteras hauteur caroline nord largeur gulf-stream là soixante-quinze milles profondeur deux cent dix mètres _nautilus_ continuait d'errer l'aventure toute surveillance semblait bannie bord conviendrai conditions évasion pouvait réussir effet rivages habités offraient partout faciles refuges mer incessamment sillonnée nombreux steamers font service entre new-york boston golfe mexique nuit jour parcourue petites goëlettes chargées cabotage divers points côte américaine pouvait espérer d'être recueilli c'était donc occasion favorable malgré trente milles séparaient _nautilus_ côtes l'union illustration grand navire capéyait petite vapeur page 406 circonstance fâcheuse contrariait absolument projets canadien temps fort mauvais approchions parages où tempêtes fréquentes cette patrie trombes cyclones précisément engendrés courant gulf-stream affronter mer souvent démontée frêle canot c'était courir perte certaine ned land convenait lui-même aussi rongeait-il frein pris d'une furieuse nostalgie fuite seule pu guérir « monsieur dit-il jour-là faut cela finisse veux avoir cœur net nemo s'écarte terres remonte vers nord déclare j'ai assez pôle sud suivrai pôle nord —que faire ned puisqu'une évasion impraticable moment —j'en reviens idée faut parler capitaine n'avez rien dit quand mers pays veux parler maintenant mers mien quand songe qu'avant quelques jours _nautilus_ va trouver hauteur nouvelle-écosse là vers terre-neuve s'ouvre large baie cette baie jette saint-laurent saint-laurent c'est fleuve fleuve québec ville natale quand songe cela fureur monte visage cheveux hérissent tenez monsieur jetterai plutôt mer resterai ici étouffe » canadien évidemment bout patience vigoureuse nature pouvait s'accommoder cet emprisonnement prolongé physionomie s'altérait jour jour caractère devenait plus plus sombre sentais qu'il devait souffrir car aussi nostalgie prenait près sept mois s'étaient écoulés sans aucune nouvelle terre plus l'isolement capitaine nemo humeur modifiée surtout depuis combat poulpes taciturnité tout faisait apparaître choses sous aspect différent sentais plus l'enthousiasme premiers jours fallait être flamand comme conseil accepter cette situation milieu réservé cétacés autres habitants mer véritablement si brave garçon lieu poumons branchies crois qu'il fait poisson distingué « eh bien monsieur reprit ned land voyant répondais —eh bien ned voulez demande capitaine nemo quelles intentions égard —oui monsieur —et cela quoiqu'il déjà fait connaître —oui désire être fixé dernière fois parlez seul seul nom si voulez —mais rencontre rarement m'évite —c'est raison plus l'aller voir —je l'interrogerai ned —quand demanda canadien insistant —quand rencontrerai —monsieur aronnax voulez-vous j'aille trouver —non laissez-moi faire demain ... —aujourd'hui dit ned land —soit aujourd'hui verrai » répondis-je canadien agissant lui-même certainement tout compromis restai seul demande décidée résolus d'en finir immédiatement j'aime mieux chose faite chose faire rentrai chambre là j'entendis marcher celle capitaine nemo fallait laisser échapper cette occasion rencontrer frappai porte n'obtins réponse frappai nouveau puis tournai bouton porte s'ouvrit j'entrai capitaine là courbé table travail m'avait entendu résolu sortir sans l'avoir interrogé m'approchai releva tête brusquement fronça sourcils dit d'un assez rude « ici voulez-vous —vous parler capitaine —mais occupé monsieur travaille cette liberté laisse isoler puis-je l'avoir » réception peu encourageante j'étais décidé tout entendre tout répondre « monsieur dis-je froidement j'ai parler d'une affaire qu'il m'est permis retarder —laquelle monsieur répondit-il ironiquement avez-vous fait quelque découverte m'ait échappé mer a-t-elle livré nouveaux secrets » loin compte avant j'eusse répondu montrant manuscrit ouvert table dit d'un plus grave « voici monsieur aronnax manuscrit écrit plusieurs langues contient résumé études mer s'il plaît dieu périra manuscrit signé nom complété l'histoire vie renfermé petit appareil insubmersible dernier survivant tous bord _nautilus_ jettera cet appareil mer ira où flots porteront. » nom cet homme histoire écrite lui-même mystère donc jour dévoilé moment vis cette communication qu'une entrée matière « capitaine répondis-je puis qu'approuver pensée fait agir faut fruit études perdu moyen employez paraît primitif sait où vents pousseront cet appareil quelles mains tombera sauriez-vous trouver mieux l'un vôtres peut-il ... —jamais monsieur dit vivement capitaine m'interrompant —mais compagnons prêts garder manuscrit réserve si rendez liberté ... —la liberté fit capitaine nemo levant —oui monsieur c'est sujet voulais interroger depuis sept mois bord demande aujourd'hui nom compagnons comme mien si intention garder toujours —monsieur aronnax dit capitaine nemo répondrai aujourd'hui répondu a sept mois entre _nautilus_ doit plus quitter —c'est l'esclavage imposez —donnez-lui nom qu'il plaira —mais partout l'esclave garde droit recouvrer liberté quels moyens s'offrent peut croire bons —ce droit répondit capitaine nemo dénie ai-je jamais pensé enchaîner serment » capitaine regardait croisant bras « monsieur dis-je revenir seconde fois sujet ni goût ni mien puisque l'avons entamé épuisons-le répète n'est seulement personne qu'il s'agit l'étude secours diversion puissante entraînement passion peut faire tout oublier comme homme vivre ignoré obscur fragile espoir léguer jour l'avenir résultat travaux moyen d'un appareil hypothétique confié hasard flots vents mot puis admirer suivre sans déplaisir rôle comprends certains points encore d'autres aspects vie font entrevoir entourée complications mystères auxquels seuls ici compagnons n'avons aucune part quand cœur a pu battre ému quelques-unes douleurs remué actes génie courage dû refouler jusqu'au plus petit témoignage cette sympathie fait naître vue beau bon cela vienne l'ami l'ennemi eh bien c'est sentiment étrangers tout touche fait position quelque chose d'inacceptable d'impossible d'impossible ned land surtout tout homme cela seul qu'il homme vaut qu'on songe êtes-vous demandé l'amour liberté haine l'esclavage pouvaient faire naître projets vengeance nature comme celle canadien qu'il pouvait penser tenter essayer ... » m'étais tû capitaine nemo leva « ned land pense tente essaye tout qu'il voudra m'importe n'est l'ai chercher n'est plaisir garde bord quant monsieur aronnax ceux peuvent tout comprendre silence n'ai rien plus répondre cette première fois où venez traiter sujet aussi dernière car seconde fois pourrais écouter. » retirai a compter jour situation très-tendue rapportai conversation deux compagnons « savons maintenant dit ned qu'il a rien attendre cet homme _nautilus_ rapproche long-island fuirons quel temps. » ciel devenait plus plus menaçant symptômes d'ouragan manifestaient l'atmosphère faisait blanchâtre laiteuse cyrrhus gerbes déliées succédaient l'horizon couches nimbo-cumulus d'autres nuages bas fuyaient rapidement mer grossissait gonflait longues houles oiseaux disparaissaient l'exception satanicles amis tempêtes baromètre baissait notablement indiquait l'air extrême tension vapeurs mélange storm-glass décomposait sous l'influence l'électricité saturait l'atmosphère lutte éléments prochaine tempête éclata journée 18 mai précisément lorsque _nautilus_ flottait hauteur long-island quelques milles passes new-york puis décrire cette lutte éléments car lieu fuir profondeurs mer capitaine nemo inexplicable caprice voulut braver surface vent soufflait sud-ouest d'abord grand frais c'est-à-dire vitesse quinze mètres seconde portée vingt-cinq mètres vers trois heures soir c'est chiffre tempêtes capitaine nemo inébranlable sous rafales pris place plate-forme s'était amarré mi-corps résister vagues monstrueuses déferlaient hissé attaché aussi partageant admiration entre cette tempête cet homme incomparable tenait tête mer démontée balayée grandes loques nuages trempaient flots voyais plus aucune petites lames intermédiaires forment fond grands creux rien longues ondulations fuligineuses dont crête déferle tant elles compactes hauteur s'accroissait elles s'excitaient entre elles _nautilus_ tantôt couché côté tantôt dressé comme mât roulait tanguait épouvantablement vers cinq heures pluie torrentielle tomba n'abattit ni vent ni mer l'ouragan déchaîna vitesse quarante-cinq mètres seconde près quarante lieues l'heure c'est conditions qu'il renverse maisons qu'il enfonce tuiles toits portes qu'il rompt grilles fer qu'il déplace canons vingt-quatre pourtant _nautilus_ milieu tourmente justifiait cette parole d'un savant ingénieur « a coque bien construite puisse défier mer » n'était roc résistant lames démoli c'était fuseau d'acier obéissant mobile sans gréement sans mâture bravait impunément fureur cependant j'examinais attentivement vagues déchaînées elles mesuraient jusqu quinze mètres hauteur longueur cent cinquante cent soixante quinze mètres vitesse propagation moitié celle vent quinze mètres seconde volume puissance s'accroissaient profondeur eaux compris alors rôle lames emprisonnent l'air leurs flancs refoulent fond mers où elles portent vie l'oxygène extrême force pression —on a calculée —peut s'élever jusqu trois mille kilogrammes pied carré surface qu'elles contrebattent telles lames hébrides déplacé bloc pesant quatre-vingt-quatre mille livres elles tempête 23 décembre 1864 après avoir renversé partie ville yéddo japon faisant sept cents kilomètres l'heure allèrent briser jour rivages l'amérique l'intensité tempête s'accrut nuit baromètre comme 1860 réunion pendant cyclone tomba 710 millimètres a chute jour vis passer l'horizon grand navire luttait péniblement capéyait sous petite vapeur maintenir debout lame devait être steamers lignes new-york liverpool havre disparut bientôt l'ombre a dix heures soir ciel feu l'atmosphère zébrée d'éclairs violents pouvais supporter l'éclat tandis capitaine nemo regardant face semblait aspirer l'âme tempête bruit terrible emplissait airs bruit complexe fait hurlements vagues écrasées mugissements vent éclats tonnerre vent sautait tous points l'horizon cyclone partant l'est revenait passant nord l'ouest sud sens inverse tempêtes tournantes l'hémisphère austral ah gulf-stream justifiait bien nom roi tempêtes c'est crée formidables cyclones différence température couches d'air superposées courants a pluie succédé averse feu gouttelettes d'eau changeaient aigrettes fulminantes dit capitaine nemo voulant mort digne cherchait faire foudroyer effroyable mouvement tangage _nautilus_ dressa l'air éperon d'acier comme tige d'un paratonnerre j'en vis jaillir longues étincelles illustration a pluie succédé averse feu page 406 brisé bout forces coulai plat ventre vers panneau l'ouvris redescendis salon l'orage atteignait alors maximum d'intensité impossible tenir debout l'intérieur _nautilus_ capitaine nemo rentra vers minuit j'entendis réservoirs remplir peu peu _nautilus_ s'enfonça doucement au-dessous surface flots vitres ouvertes salon vis grands poissons effarés passaient comme fantômes eaux feu quelques-uns foudroyés sous yeux _nautilus_ descendait toujours pensais qu'il retrouverait calme profondeur quinze mètres non couches supérieures trop violemment agitées fallut aller chercher repos jusqu cinquante mètres entrailles mer là quelle tranquillité quel silence quel milieu paisible dit qu'un ouragan terrible déchaînait alors surface cet océan
43,Chapter 44,xx 47° 24′ latitude 17° 28′ longitude a suite cette tempête rejetés l'est tout espoir s'évader atterrages new-york saint-laurent s'évanouissait pauvre ned désespéré s'isola comme capitaine nemo conseil quittions plus j'ai dit _nautilus_ s'était écarté l'est j'aurais dû dire plus exactement nord-est pendant quelques jours erra tantôt surface flots tantôt au-dessous milieu brumes si redoutables navigateurs elles principalement dues fonte glaces entretient extrême humidité l'atmosphère navires perdus parages lorsqu'ils allaient reconnaître feux incertains côte sinistres dus brouillards opaques chocs écueils dont ressac éteint bruit vent collisions entre bâtiments malgré leurs feux position malgré avertissements leurs sifflets leurs cloches d'alarme aussi fond mers offrait-il l'aspect d'un champ bataille où gisaient encore tous vaincus l'océan uns vieux empâtés déjà autres jeunes réfléchissant l'éclat fanal leurs ferrures leurs carènes cuivre parmi bâtiments perdus corps biens leurs équipages monde d'émigrants points dangereux signalés statistiques cap race l'île saint-paul détroit belle-ile l'estuaire saint-laurent depuis quelques années seulement victimes fournies funèbres annales lignes royal-mail d'inmann montréal _solway_ l'_isis_ _paramatta_ l'_hungarian_ _canadian_ l'_anglo-saxon_ _humboldt_ l'_united-states_ tous échoués l'_artic_ _lyonnais_ coulés abordage _président_ _pacific_ _city-of-glasgow_ disparus causes ignorées sombres débris milieu desquels naviguait _nautilus_ comme s'il passé revue morts 15 mai l'extrémité méridionale banc terre-neuve banc produit alluvions marines amas considérable détritus organiques amenés l'équateur courant gulf-stream pôle boréal contre-courant d'eau froide longe côte américaine là aussi s'amoncellent blocs erratiques charriés débâcle glaces là s'est formé vaste ossuaire poissons mollusques zoophytes périssent milliards profondeur mer n'est considérable banc terre-neuve quelques centaines brasses plus vers sud creuse subitement dépression profonde trou trois mille mètres là s'élargit gulf-stream c'est épanouissement eaux perd vitesse température devient mer parmi poissons _nautilus_ effaroucha passage citerai cycloptère d'un mètre dos noirâtre ventre orange donne congénères exemple peu suivi fidélité conjugale unernack grande taille sorte murène émeraude d'un goût excellent karraks gros yeux dont tête a quelque ressemblance celle chien blennies ovovivipares comme serpents gobies-boulerots goujons noirs deux décimètres macroures longue queue brillant d'un éclat argenté poissons rapides aventurés loin mers hyperboréennes filets ramassèrent aussi poisson hardi audacieux vigoureux bien musclé armé piquants tête d'aiguillons nageoires véritable scorpion deux trois mètres ennemi acharné blennies gades saumons c'était cotte mers septentrionales corps tuberculeux brun couleur rouge nageoires pêcheurs _nautilus_ quelque peine s'emparer cet animal grâce conformation opercules préserve organes respiratoires contact desséchant l'atmosphère peut vivre quelque temps hors l'eau cite maintenant —pour mémoire —des bosquiens petits poissons accompagnent longtemps navires mers boréales ables-oxyrhinques spéciaux l'atlantique septentrional rascasses j'arrive gades principalement l'espèce morue surpris eaux prédilection cet inépuisable banc terre-neuve peut dire morues poissons montagnes car terre-neuve n'est qu'une montagne sous-marine lorsque _nautilus_ s'ouvrit chemin travers leurs phalanges pressées conseil put retenir cette observation « ça morues dit-il croyais morues plates comme limandes soles —naïf m'écriai-je morues plates chez l'épicier où montre ouvertes étalées l'eau poissons fusiformes comme mulets parfaitement conformés marche —je veux croire monsieur répondit conseil quelle nuée quelle fourmilière —eh ami bien davantage sans leurs ennemis rascasses hommes sais-tu combien a compté d'œufs seule femelle —faisons bien choses répondit conseil cinq cent mille —onze millions ami —onze millions voilà n'admettrai jamais moins compter moi-même —compte-les conseil plus vite fait croire d'ailleurs c'est milliers français anglais américains danois norwégiens pêchent morues consomme quantités prodigieuses sans l'étonnante fécondité poissons mers bientôt dépeuplées ainsi angleterre amérique seulement cinq mille navires montés soixante-quinze mille marins employés pêche morue chaque navire rapporte quarante mille moyenne fait vingt-cinq millions côtes norwége résultat —bien répondit conseil m'en rapporte monsieur compterai —quoi donc —les onze millions d'œufs ferai remarque —laquelle —c'est si tous œufs éclosaient suffirait quatre morues alimenter l'angleterre l'amérique norwége. » pendant effleurions fonds banc terre-neuve vis parfaitement longues lignes armées deux cents hameçons chaque bateau tend douzaines chaque ligne entraînée bout moyen d'un petit grappin retenue surface orin fixé bouée liége _nautilus_ dut manœuvrer adroitement milieu réseau sous-marin d'ailleurs demeura longtemps parages fréquentés s'éleva jusque vers quarante-deuxième degré latitude c'était hauteur saint-jean terre-neuve heart 's content où aboutit l'extrémité câble transatlantique _nautilus_ lieu continuer marcher nord prit direction vers l'est comme s'il voulait suivre plateau télégraphique lequel repose câble dont sondages multipliés donné relief extrême exactitude illustration « c'est ici » dit capitaine nemo page 414 17 mai cinq cents milles environ heart 's content deux mille huit cents mètres profondeur j'aperçus câble gisant sol conseil n'avais prévenu prit d'abord gigantesque serpent mer s'apprêtait classer suivant méthode ordinaire désabusai digne garçon consoler déboire appris diverses particularités pose câble premier câble établi pendant années 1857 1858 après avoir transmis quatre cents télégrammes environ cessa fonctionner 1863 ingénieurs construisirent nouveau câble mesurant trois mille quatre cents kilomètres pesant quatre mille cinq cents tonnes embarqué _great-eastern_ cette tentative échoua encore or 25 mai _nautilus_ immergé trois mille huit cent trente-six mètres profondeur trouvait précisément cet endroit où produisit rupture ruina l'entreprise c'était six cent trente huit milles côte d'irlande s'aperçut deux heures après-midi communications l'europe venaient s'interrompre électriciens bord résolurent couper câble avant repêcher onze heures soir ramené partie avariée refit joint épissure puis câble immergé nouveau quelques jours plus tard rompit put être ressaisi profondeurs l'océan américains découragèrent l'audacieux cyrus field promoteur l'entreprise risquait toute fortune provoqua nouvelle souscription immédiatement couverte autre câble établi meilleures conditions faisceau fils conducteurs isolés enveloppe gutta-percha protégé matelas matières textiles contenu armature métallique _great-eastern_ reprit mer 13 juillet 1866 l'opération marcha bien cependant incident arriva plusieurs fois déroulant câble électriciens observèrent clous récemment enfoncés but d'en détériorer l'âme capitaine anderson officiers ingénieurs réunirent délibérèrent firent afficher si coupable surpris bord jeté mer sans autre jugement depuis lors criminelle tentative reproduisit plus 23 juillet _great-eastern_ n'était plus huit cents kilomètres terre-neuve lorsqu'on télégraphia d'irlande nouvelle l'armistice conclu entre prusse l'autriche après sadowa 27 relevait milieu brumes port heart's content l'entreprise heureusement terminée première dépêche jeune amérique adressait vieille europe sages paroles si rarement comprises « gloire dieu ciel paix hommes bonne volonté terre. » m'attendais trouver câble électrique état primitif tel qu'il sortant ateliers fabrication long serpent recouvert débris coquilles hérissé foraminifères encroûté empâtement pierreux protégeait contre mollusques perforants reposait tranquillement l'abri mouvements mer sous pression favorable transmission l'étincelle électrique passe l'amérique l'europe trente-deux centièmes seconde durée câble infinie sans doute car a observé l'enveloppe gutta-percha s'améliore séjour l'eau mer d'ailleurs plateau si heureusement choisi câble n'est jamais immergé profondeurs telles qu'il puisse rompre _nautilus_ suivit jusqu fond plus bas situé quatre mille quatre cent trente mètres là reposait encore sans aucun effort traction puis rapprochâmes l'endroit où lieu l'accident 1863 fond océanique formait alors vallée large cent vingt kilomètres laquelle pu poser mont-blanc sans sommet émergeât surface flots cette vallée fermée l'est muraille pic deux mille mètres arrivions 28 mai _nautilus_ n'était plus cent cinquante kilomètres l'irlande capitaine nemo allait-il remonter attérir iles britanniques non a grande surprise redescendit sud revint vers mers européennes contournant l'île d'émeraude j'aperçus instant cap clear feu fastenet éclaire milliers navires sortis glasgow liverpool importante question posait alors esprit _nautilus_ oserait-il s'engager manche ned land reparu depuis rallions terre cessait m'interroger comment répondre capitaine nemo demeurait invisible après avoir laissé entrevoir canadien rivages d'amérique allait-il donc montrer côtes france cependant _nautilus_ s'abaissait toujours vers sud 30 mai passait vue land 's end entre pointe extrême l'angleterre sorlingues qu'il laissa tribord s'il voulait entrer manche fallait prendre franchement l'est fit pendant toute journée 31 mai _nautilus_ décrivit mer série cercles m'intriguèrent vivement semblait chercher endroit qu'il quelque peine trouver a midi capitaine nemo vint faire point lui-même m'adressa parole parut plus sombre jamais pouvait l'attrister ainsi était-ce proximité rivages européens sentait-il quelque ressouvenir pays abandonné qu'éprouvait-il alors remords regrets longtemps cette pensée occupa esprit j'eus comme pressentiment hasard trahirait avant peu secrets capitaine lendemain 31 juin _nautilus_ conserva mêmes allures évident qu'il cherchait reconnaître point précis l'océan capitaine nemo vint prendre hauteur soleil ainsi qu'il fait veille mer belle ciel pur a huit milles l'est grand navire vapeur dessinait ligne l'horizon aucun pavillon battait corne pus reconnaître nationalité capitaine nemo quelques minutes avant soleil passât méridien prit sextant observa précision extrême calme absolu flots facilitait opération _nautilus_ immobile ressentait ni roulis ni tangage j'étais moment plate-forme lorsque relèvement terminé capitaine prononça seuls mots « c'est ici » redescendit panneau avait-il vu bâtiment modifiait marche semblait rapprocher saurais dire revins salon panneau ferma j'entendis sifflements l'eau réservoirs _nautilus_ commença s'enfoncer suivant ligne verticale car hélice entravée communiquait plus aucun mouvement quelques minutes plus tard s'arrêtait profondeur huit cent trente-trois mètres reposait sol plafond lumineux salon s'éteignit alors panneaux s'ouvrirent travers vitres j'aperçus mer vivement illuminée rayons fanal rayon d'un demi-mille regardai bâbord vis rien l'immensité eaux tranquilles tribord fond apparaissait forte extumescence attira attention dit ruines ensevelies sous empâtement coquilles blanchâtres comme sous manteau neige examinant attentivement cette masse crus reconnaître formes épaissies d'un navire rasé mâts devait avoir coulé l'avant sinistre datait certainement d'une époque reculée cette épave être ainsi encroûtée calcaire eaux comptait déjà bien années passées fond l'océan quel navire pourquoi _nautilus_ venait-il visiter tombe n'était-ce donc naufrage entraîné bâtiment sous eaux savais penser quand près j'entendis capitaine nemo dire d'une voix lente « autrefois navire nommait _marseillais_ portait soixante-quatorze canons lancé 1762 1778 13 août commandé poype-vertrieux battait audacieusement contre _preston_ 1779 4 juillet assistait l'escadre l'amiral d'estaing prise grenade 1781 5 septembre prenait part combat comte grasse baie chesapeak 1794 république française changeait nom 16 avril année rejoignait brest l'escadre villaret-joyeuse chargé d'escorter convoi blé venait d'amérique sous commandement l'amiral van stabel 11 12 prairial an ii cette escadre rencontrait vaisseaux anglais monsieur c'est aujourd'hui 13 prairial 1er juin 1868 a soixante-quatorze ans jour jour cette place 47° 24′ latitude 17° 28′ longitude navire après combat héroïque démâté trois mâts l'eau soutes tiers équipage hors combat aima mieux s'engloutir trois cent cinquante-six marins rendre clouant pavillon poupe disparut sous flots cri vive république —le _vengeur_ m'écriai-je —oui monsieur _vengeur_ beau nom » murmura capitaine nemo croisant bras
44,Chapter 45,xxi hécatombe cette façon dire l'imprévu cette scène cet historique navire patriote froidement raconté d'abord puis l'émotion laquelle l'étrange personnage prononcé dernières paroles nom _vengeur_ dont signification pouvait m'échapper tout réunissait frapper profondément esprit regards quittaient plus capitaine mains tendues vers mer considérait d'un œil ardent glorieuse épave peut-être devais-je jamais savoir d'où venait où allait voyais plus plus l'homme dégager savant n'était misanthropie commune enfermé flancs _nautilus_ capitaine nemo compagnons haine monstrueuse sublime temps pouvait affaiblir illustration « _vengeur_ » m'écriai-je page 415 cette haine cherchait-elle encore vengeances l'avenir devait bientôt l'apprendre cependant _nautilus_ remontait lentement vers surface mer vis disparaître peu peu formes confuses _vengeur_ bientôt léger roulis m'indiqua flottions l'air libre moment sourde détonation fit entendre regardai capitaine capitaine bougea « capitaine » dis-je répondit quittai montai plate-forme conseil canadien précédé « d'où vient cette détonation demandai-je —un coup canon » répondit ned land regardai direction navire j'avais aperçu s'était rapproché _nautilus_ l'on voyait qu'il forçait vapeur six milles séparaient « quel bâtiment ned —a gréement hauteur bas mâts répondit canadien parierais navire guerre puisse-t-il venir couler s'il faut damné _nautilus_ —ami ned répondit conseil quel mal peut-il faire _nautilus_ ira-t-il l'attaquer sous flots ira-t-il canonner fond mers —dites-moi ned demandai-je pouvez-vous reconnaître nationalité bâtiment » canadien fronçant sourcils abaissant paupières plissant yeux angles fixa pendant quelques instants navire toute puissance regard « non monsieur répondit-il saurais reconnaître quelle nation appartient pavillon n'est hissé puis affirmer c'est navire guerre car longue flamme déroule l'extrémité grand mât. » pendant quart d'heure continuâmes d'observer bâtiment dirigeait vers pouvais admettre cependant qu'il reconnu _nautilus_ cette distance encore moins qu'il sût qu'était cet engin sous-marin bientôt canadien m'annonça bâtiment grand vaisseau guerre éperon deux-ponts cuirassé épaisse fumée noire s'échappait deux cheminées voiles serrées confondaient ligne vergues corne portait aucun pavillon distance empêchait encore distinguer couleurs flamme flottait comme mince ruban s'avançait rapidement si capitaine nemo laissait approcher chance salut s'offrait « monsieur dit ned land bâtiment passe mille jette mer engage faire comme moi. » illustration « misérable veux-tu donc » page 420 répondis proposition canadien continuai regarder navire grandissait vue d'œil qu'il anglais français américain russe certain qu'il accueillerait si pouvions gagner bord « monsieur voudra bien rappeler dit alors conseil quelque expérience natation peut reposer soin remorquer vers navire s'il convient suivre l'ami ned. » j'allais répondre lorsqu'une vapeur blanche jaillit l'avant vaisseau guerre puis quelques secondes plus tard eaux troublées chute d'un corps pesant éclaboussèrent l'arrière _nautilus_ peu près détonation frappait oreille « comment tirent m'écriai-je —braves gens murmura canadien —ils prennent donc naufragés accrochés épave —n'en déplaise monsieur .... —bon fit conseil secouant l'eau qu'un nouveau boulet fait jaillir jusqu lui.—n'en déplaise monsieur reconnu narwal canonnent narwal —mais doivent bien voir m'écriai-je qu'ils affaire hommes —c'est peut-être cela » répondit ned land regardant toute révélation fit esprit sans doute savait quoi s'en tenir maintenant l'existence prétendu monstre sans doute abordage l'_abraham-lincoln_ lorsque canadien frappa harpon commandant farragut reconnu narwal bateau sous-marin plus dangereux qu'un cétacé surnaturel oui cela devait être ainsi toutes mers sans doute poursuivait maintenant terrible engin destruction terrible effet si comme pouvait supposer capitaine nemo employait _nautilus_ œuvre vengeance pendant cette nuit lorsqu'il emprisonna cellule milieu l'océan indien s'était-il attaqué quelque navire cet homme enterré maintenant cimetière corail n'avait-il victime choc provoqué _nautilus_ oui répète devait être ainsi partie mystérieuse existence capitaine nemo dévoilait si identité n'était reconnue moins nations coalisées contre chassaient maintenant non plus être chimérique homme voué haine implacable tout passé formidable apparut yeux lieu rencontrer amis navire s'approchait pouvions trouver ennemis sans pitié cependant boulets multipliaient autour quelques-uns rencontrant surface liquide s'en allaient ricochet perdre distances considérables aucun n'atteignit _nautilus_ navire cuirassé n'était plus alors trois milles malgré violente canonnade capitaine nemo paraissait plate-forme cependant l'un boulets coniques frappant normalement coque _nautilus_ fatal canadien dit alors « monsieur devons tout tenter tirer mauvais faisons signaux mille diables comprendra peut-être d'honnêtes gens » ned land prit mouchoir l'agiter l'air l'avait peine déployé terrassé main fer malgré force prodigieuse tombait pont « misérable s'écria capitaine veux-tu donc cloue l'éperon _nautilus_ avant qu'il précipite contre navire » capitaine nemo terrible entendre plus terrible encore voir face pâli sous spasmes cœur dû cesser battre instant pupilles s'étaient contractées effroyablement voix parlait plus rugissait corps penché avant tordait sous main épaules canadien puis l'abandonnant retournant vers vaisseau guerre dont boulets pleuvaient autour « ah sais navire d'une nation maudite s'écria-t-il voix puissante n'ai besoin couleurs reconnaître regarde vais montrer miennes » capitaine nemo déploya l'avant plate-forme pavillon noir semblable celui qu'il déjà planté pôle sud a moment boulet frappant obliquement coque _nautilus_ sans l'entamer passant ricochet près capitaine alla perdre mer capitaine nemo haussa épaules puis s'adressant « descendez dit-il d'un bref descendez compagnons —monsieur m'écriai-je allez-vous donc attaquer navire —monsieur vais couler —vous ferez cela —je ferai répondit froidement capitaine nemo avisez juger monsieur fatalité montre deviez voir l'attaque venue riposte terrible rentrez —ce navire quel est-il —vous savez eh bien tant mieux nationalité moins restera secret descendez. » canadien conseil pouvions qu'obéir quinzaine marins _nautilus_ entouraient capitaine regardaient implacable sentiment haine navire s'avançait vers sentait souffle vengeance animait toutes âmes descendis moment où nouveau projectile éraillait encore coque _nautilus_ j'entendis capitaine s'écrier « frappe navire insensé prodigue inutiles boulets n'échapperas l'éperon _nautilus_ n'est cette place dois périr veux ruines aillent confondre ruines _vengeur_ » regagnai chambre capitaine second restés plate-forme l'hélice mise mouvement _nautilus_ s'éloignant vitesse mit hors portée boulets vaisseau poursuite continua capitaine nemo contenta maintenir distance vers quatre heures soir pouvant contenir l'impatience l'inquiétude dévoraient revins vers l'escalier central panneau ouvert hasardai plate-forme capitaine promenait encore d'un agité regardait navire restait sous vent cinq six milles tournait autour comme bête fauve l'attirant vers l'est laissait poursuivre cependant n'attaquait peut-être hésitait-il encore voulus intervenir dernière fois j'avais peine interpellé capitaine nemo celui-ci m'imposant silence « droit justice dit-il l'opprimé voilà l'oppresseur c'est tout j'ai aimé chéri vénéré patrie femme enfants père mère j'ai vu tout périr tout hais là taisez-vous » portai dernier regard vers vaisseau guerre forçait vapeur puis rejoignis ned conseil « fuirons m'écriai-je —bien fit ned quel navire —je l'ignore quel qu'il coulé avant nuit tout cas mieux vaut périr faire complices représailles dont peut mesurer l'équité —c'est avis répondit froidement ned land attendons nuit. » nuit arriva profond silence régnait bord boussole indiquait _nautilus_ n'avait modifié direction j'entendais battement hélice frappait flots rapide régularité tenait surface eaux léger roulis portait tantôt bord tantôt autre compagnons résolu fuir moment où vaisseau assez rapproché faire entendre faire voir car lune devait être pleine trois jours plus tard resplendissait fois bord navire si pouvions prévenir coup menaçait moins ferions tout circonstances permettaient tenter plusieurs fois crus _nautilus_ disposait l'attaque contentait laisser rapprocher adversaire peu temps après reprenait allure fuite partie nuit passa sans incident guettions l'occasion d'agir parlions peu trop émus ned land voulu précipiter mer forçai d'attendre suivant _nautilus_ devait attaquer deux-ponts surface flots alors non-seulement possible facile s'enfuir a trois heures matin inquiet montai plate-forme capitaine nemo l'avait quittée debout l'avant près pavillon qu'une légère brise déployait au-dessus tête quittait vaisseau yeux regard d'une extraordinaire intensité semblait l'attirer fasciner l'entraîner plus sûrement s'il donné remorque lune passait alors méridien jupiter levait l'est milieu cette paisible nature ciel l'océan rivalisaient tranquillité mer offrait l'astre nuits plus beau miroir jamais reflété image quand pensais calme profond éléments comparé toutes colères couvaient flancs l'imperceptible _nautilus_ sentais frissonner tout être vaisseau tenait deux mille s'était rapproché marchant toujours vers cet éclat phosphorescent signalait présence _nautilus_ vis feux position vert rouge fanal blanc suspendu grand étai misaine vague réverbération éclairait gréement indiquait feux poussés outrance gerbes d'étincelles scories charbons enflammés s'échappant cheminées étoilaient l'atmosphère demeurai ainsi jusqu six heures matin sans capitaine nemo paru m'apercevoir vaisseau restait mille demi premières lueurs jour canonnade recommença moment pouvait être éloigné où _nautilus_ attaquant adversaire compagnons quitterions jamais cet homme n'osais juger disposais descendre afin prévenir lorsque second monta plate-forme plusieurs marins l'accompagnaient capitaine nemo vit voulut voir certaines dispositions prises qu'on pu appeler « branle-bas combat » _nautilus_ elles très-simples filière formait balustrade autour plate-forme abaissée cages fanal timonier rentrèrent coque manière l'affleurer seulement surface long cigare tôle n'offrait plus seule saillie pût gêner manœuvre revins salon _nautilus_ émergeait toujours quelques lueurs matinales s'infiltraient couche liquide sous certaines ondulations lames vitres s'animaient rougeurs soleil levant terrible jour 2 juin levait a cinq heures loch m'apprit vitesse _nautilus_ modérait compris qu'il laissait approcher d'ailleurs détonations faisaient plus violemment entendre boulets labouraient l'eau ambiante vissaient sifflement singulier « amis dis-je moment venu poignée main dieu garde » ned land résolu conseil calme nerveux contenant peine passâmes bibliothèque moment où poussais porte s'ouvrait cage l'escalier central j'entendis panneau supérieur fermer brusquement canadien s'élança marches l'arrêtai sifflement bien connu m'apprenait l'eau pénétrait réservoirs bord effet peu d'instants _nautilus_ s'immergea quelques mètres au-dessous surface flots compris manœuvre trop tard agir _nautilus_ songeait frapper deux-ponts impénétrable cuirasse au-dessous ligne flottaison là carapace métallique protége plus bordé emprisonnés nouveau témoins obligés sinistre drame préparait d'ailleurs peine temps réfléchir réfugiés chambre regardions sans prononcer parole stupeur profonde s'était emparée esprit mouvement pensée s'arrêtait trouvais cet état pénible précède l'attente d'une détonation épouvantable j'attendais j'écoutais vivais sens l'ouïe cependant vitesse _nautilus_ s'accrut sensiblement c'était élan qu'il prenait ainsi toute coque frémissait soudain poussai cri choc lieu relativement léger sentis force pénétrante l'éperon d'acier j'entendis éraillements râclements _nautilus_ emporté puissance propulsion passait travers masse vaisseau comme l'aiguille voilier travers toile illustration regard semblait l'attirer page 422 pus tenir fou éperdu m'élançai hors chambre précipitai salon capitaine nemo là muet sombre implacable regardait panneau bâbord masse énorme sombrait sous eaux rien perdre agonie _nautilus_ descendait l'abîme a dix mètres vis cette coque entr'ouverte où l'eau s'enfonçait bruit tonnerre puis double ligne canons bastingages pont couvert d'ombres noires s'agitaient illustration l'énorme vaisseau s'enfonçait lentement page 425 l'eau montait malheureux s'élançaient haubans s'accrochaient mâts tordaient sous eaux c'était fourmilière humaine surprise l'envahissement d'une mer paralysé raidi l'angoisse cheveux hérissés l'œil démesurément ouvert respiration incomplète sans souffle sans voix regardais aussi irrésistible attraction collait vitre l'énorme vaisseau s'enfonçait lentement _nautilus_ suivant épiait tous mouvements tout coup explosion produisit l'air comprimé fit voler ponts bâtiment comme si feu pris soutes poussée eaux telle _nautilus_ dévia alors malheureux navire s'enfonça plus rapidement hunes chargées victimes apparurent ensuite barres pliant sous grappes d'hommes enfin sommet grand mât puis masse sombre disparut cet équipage cadavres entraînés formidable remous .... retournai vers capitaine nemo terrible justicier véritable archange haine regardait toujours quand tout fini capitaine nemo dirigeant vers porte chambre l'ouvrit entra suivis yeux panneau fond au-dessous portraits héros vis portrait d'une femme jeune encore deux petits enfants capitaine nemo regarda pendant quelques instants tendit bras s'agenouillant fondit sanglots
45,Chapter 46,xxii dernières paroles capitaine nemo panneaux s'étaient refermés cette vision effrayante lumière n'avait rendue salon a l'intérieur _nautilus_ n'étaient ténèbres silence quittait lieu désolation cent pieds sous eaux rapidité prodigieuse où allait-il nord sud où fuyait cet homme après cette horrible représaille j'étais rentré chambre où ned conseil tenaient silencieusement j'éprouvais insurmontable horreur capitaine nemo quoi qu'il souffert part hommes n'avait droit punir ainsi m'avait fait sinon complice moins témoin vengeances c'était déjà trop a onze heures clarté électrique réapparut passai salon désert consultai divers instruments _nautilus_ fuyait nord rapidité vingt-cinq milles l'heure tantôt surface mer tantôt trente pieds au-dessous relèvement fait carte vis passions l'ouvert manche direction portait vers mers boréales incomparable vitesse a peine pouvais-je saisir rapide passage squales long nez squales-marteaux roussettes fréquentent eaux grands aigles mer nuées d'hippocampes semblables cavaliers jeu d'échec anguilles s'agitant comme serpenteaux d'un feu d'artifice armées crabes fuyaient obliquement croisant leurs pinces carapace enfin troupes marsouins luttaient rapidité _nautilus_ d'observer d'étudier classer n'était plus question alors soir franchi deux cents lieues l'atlantique l'ombre fit mer envahie ténèbres jusqu'au lever lune regagnai chambre pus dormir j'étais assailli cauchemars l'horrible scène destruction répétait esprit depuis jour pourra dire jusqu'où entraîna _nautilus_ bassin l'atlantique nord toujours vitesse inappréciable toujours milieu brumes hyperboréennes toucha-t-il pointes spitzberg accores nouvelle-zemble parcourut-il mers ignorées mer blanche mer kara golfe l'obi l'archipel liarrov rivages inconnus côte asiatique saurais dire temps s'écoulait pouvais plus l'évaluer l'heure suspendue horloges bord semblait nuit jour comme contrées polaires suivaient plus cours régulier sentais entraîné domaine l'étrange où mouvait l'aise l'imagination surmenée d'edgar poe a chaque instant m'attendais voir comme fabuleux gordon pym « cette figure humaine voilée proportion beaucoup plus vaste celle d'aucun habitant terre jetée travers cette cataracte défend abords pôle » j'estime —mais trompe peut-être —j'estime cette course aventureuse _nautilus_ prolongea pendant quinze vingt jours sais qu'elle duré sans catastrophe termina voyage capitaine nemo n'était plus question second davantage homme l'équipage visible seul instant presque incessamment _nautilus_ flottait sous eaux quand remontait surface afin renouveler air panneaux s'ouvraient refermaient automatiquement plus point reporté planisphère savais où dirai aussi canadien bout forces patience paraissait plus conseil pouvait tirer seul mot craignait accès délire sous l'empire d'une nostalgie effrayante tuât surveillait donc dévouement tous instants comprend conditions situation n'était plus tenable matin —à quelle date saurais dire —je m'étais assoupi vers premières heures jour assoupissement pénible maladif quand m'éveillai vis ned land pencher l'entendis dire voix basse « allons fuir » redressai « quand fuyons-nous demandai-je —la nuit prochaine toute surveillance semble avoir disparu _nautilus_ dirait stupeur règne bord prêt monsieur —oui où sommes-nous —en vue terres viens relever matin milieu brumes vingt milles l'est —quelles terres —je l'ignore quelles qu'elles réfugierons —oui ned oui fuirons cette nuit dût mer engloutir —la mer mauvaise vent violent vingt milles faire cette légère embarcation _nautilus_ m'effraient j'ai pu transporter quelques vivres quelques bouteilles d'eau l'insu l'équipage —je suivrai —d'ailleurs ajouta canadien si surpris défends fais tuer —nous mourrons ensemble ami ned. » j'étais décidé tout canadien quitta gagnai plate-forme laquelle pouvais peine maintenir contre choc lames ciel menaçant puisque terre là brunes épaisses fallait fuir devions perdre ni jour ni heure revins salon craignant désirant tout fois rencontrer capitaine nemo voulant voulant plus voir aurais-je dit pouvais-je cacher l'involontaire horreur qu'il m'inspirait non mieux valait trouver face face mieux valait l'oublier pourtant combien longue cette journée dernière dusse passer bord _nautilus_ restais seul ned land conseil évitaient parler crainte trahir a six heures dînai n'avais faim forçai manger malgré répugnances voulant m'affaiblir a six heures demie ned land entra chambre dit « reverrons avant départ a dix heures lune encore levée profiterons l'obscurité venez canot conseil attendrons. » puis canadien sortit sans m'avoir donné temps répondre voulus vérifier direction _nautilus_ rendis salon courions nord-nord-est vitesse effrayante cinquante mètres profondeur jetai dernier regard merveilles nature richesses l'art entassées musée cette collection sans rivale destinée périr jour fond mers celui l'avait formée voulus fixer esprit impression suprême restai heure ainsi baigné effluves plafond lumineux passant revue trésors resplendissant sous leurs vitrines puis revins chambre là revêtis solides vêtements mer rassemblai notes serrai précieusement cœur battait force pouvais comprimer pulsations certainement trouble agitation m'eussent trahi yeux capitaine nemo faisait-il moment j'écoutai porte chambre j'entendis bruit capitaine nemo là s'était couché a chaque mouvement semblait qu'il allait m'apparaître demander pourquoi voulais fuir j'éprouvais alertes incessantes imagination grossissait cette impression devint si poignante demandai s'il valait mieux entrer chambre capitaine voir face face braver geste regard c'était inspiration fou retins heureusement m'étendis lit apaiser agitations corps nerfs calmèrent peu cerveau surexcité revis rapide souvenir toute existence bord _nautilus_ tous incidents heureux malheureux l'avaient traversée depuis disparition l'_abraham-lincoln_ chasses sous-marines détroit torrès sauvages papouasie l'échouement cimetière corail passage suez l'île santorin plongeur crétois baie vigo l'atlantide banquise pôle sud l'emprisonnement glaces combat poulpes tempête gulf-stream _vengeur_ cette horrible scène vaisseau coulé équipage ... tous événements passèrent devant yeux comme toiles fond déroulent l'arrière-plan d'un théâtre alors capitaine nemo grandissait démesurément milieu étrange type s'accentuait prenait proportions surhumaines n'était plus semblable c'était l'homme eaux génie mers alors neuf heures demie tenais tête deux mains l'empêcher d'éclater fermais yeux voulais plus penser demi-heure d'attente encore demi-heure d'un cauchemar pouvait rendre fou moment j'entendis vagues accords l'orgue harmonie triste sous chant indéfinissable véritables plaintes d'une âme veut briser liens terrestres j'écoutai tous sens fois respirant peine plongé comme capitaine nemo extases musicales l'entraînaient hors limites monde puis pensée soudaine terrifia capitaine nemo quitté chambre salon devais traverser fuir là rencontrerais dernière fois verrait parlerait peut-être geste pouvait m'anéantir seul mot m'enchaîner bord cependant dix heures allaient sonner moment venu quitter chambre rejoindre compagnons hésiter dût capitaine nemo dresser devant j'ouvris porte précaution cependant sembla qu'en tournant gonds faisait bruit effrayant peut-être bruit n'existait-il imagination m'avançai rampant travers coursives obscures _nautilus_ m'arrêtant chaque comprimer battements cœur j'arrivai porte angulaire salon l'ouvris doucement salon plongé obscurité profonde accords l'orgue résonnaient faiblement capitaine nemo là voyait crois qu'en pleine lumière m'eût aperçu tant extase l'absorbait tout entier traînai tapis évitant moindre heurt dont bruit pu trahir présence fallut cinq minutes gagner porte fond donnait bibliothèque j'allais l'ouvrir quand soupir capitaine nemo cloua place compris qu'il levait l'entrevis car quelques rayons bibliothèque éclairée filtraient jusqu'au salon vint vers bras croisés silencieux glissant plutôt marchant comme spectre poitrine oppressée gonflait sanglots l'entendis murmurer paroles —les dernières frappé oreille « dieu tout puissant assez assez » était-ce l'aveu remords s'échappait ainsi conscience cet homme ... éperdu précipitai bibliothèque montai l'escalier central suivant coursive supérieure j'arrivai canot pénétrai l'ouverture déjà livré passage deux compagnons « partons partons m'écriai-je —a l'instant » répondit canadien l'orifice évidé tôle _nautilus_ préalablement fermé boulonné moyen d'une clef anglaise dont ned land s'était muni l'ouverture canot ferma également canadien commença dévisser écrous retenaient encore bateau sous-marin soudain bruit intérieur fit entendre voix répondaient vivacité avait-il s'était-on aperçu fuite sentis ned land glissait poignard main « oui murmurai-je saurons mourir » canadien s'était arrêté travail mot vingt fois répété mot terrible révéla cause cette agitation propageait bord _nautilus_ n'était équipage voulait « maelstrom maelstrom » s'écriait-il maelstrom nom plus effrayant situation plus effrayante pouvait-il retentir oreille trouvions-nous donc dangereux parages côte norwégienne _nautilus_ était-il entraîné gouffre moment canot allait détacher flancs sait qu'au moment flux eaux resserrées entre îles féroë loffoden précipitées irrésistible violence elles forment tourbillon dont aucun navire a jamais pu sortir tous points l'horizon accourent lames monstrueuses elles forment gouffre justement appelé « nombril l'océan » dont puissance d'attraction s'étend jusqu distance quinze kilomètres là aspirés non-seulement navires baleines aussi ours blancs régions boréales c'est là _nautilus_ —involontairement volontairement peut-être —avait engagé capitaine décrivait spirale dont rayon diminuait plus plus ainsi canot encore accroché flanc emporté vitesse vertigineuse sentais j'éprouvais tournoiement maladif succède mouvement giration trop prolongé l'épouvante l'horreur portée comble circulation suspendue l'influence nerveuse annihilée traversés sueurs froides comme sueurs l'agonie quel bruit autour frêle canot quels mugissements l'écho répétait distance plusieurs milles quel fracas celui eaux brisées roches aiguës fond là où corps plus durs brisent là où troncs d'arbres s'usent font « fourrure poils » selon l'expression norvégienne illustration canot lancé milieu tourbillon page 432 quelle situation ballottés affreusement _nautilus_ défendait comme être humain muscles d'acier craquaient parfois dressait « faut tenir bon dit ned revisser écrous restant attachés _nautilus_ pouvons sauver encore ... » n'avait achevé parler qu'un craquement produisait écrous manquaient canot arraché alvéole lancé comme pierre d'une fronde milieu tourbillon tête porta membrure fer sous choc violent perdis connaissance illustration j'étais couché cabane d'un pêcheur page 433
46,Chapter 47,xxiii conclusion voici conclusion voyage sous mers passa pendant cette nuit comment canot échappa formidable remous maelstrom comment ned land conseil sortîmes gouffre saurai dire quand revins j'étais couché cabane d'un pêcheur îles loffoden deux compagnons sains saufs près pressaient mains embrassâmes effusion moment pouvons songer regagner france moyens communications entre norvége septentrionale sud rares donc forcé d'attendre passage bateau vapeur fait service bi-mensuel cap nord c'est donc là milieu braves gens recueillis revois récit aventures exact fait a omis détail a exagéré c'est narration fidèle cette invraisemblable expédition sous élément inaccessible l'homme dont progrès rendra routes libres jour croira-t-on sais peu importe après tout puis affirmer maintenant c'est droit parler mers sous lesquelles moins dix mois j'ai franchi vingt mille lieues tour monde sous-marin a révélé tant merveilles travers pacifique l'océan indien mer rouge méditerranée l'atlantique mers australes boréales qu'est devenu _nautilus_ a-t-il résisté étreintes maelstrom capitaine nemo vit-il encore poursuit-il sous l'océan effrayantes représailles s'est-il arrêté devant cette dernière hécatombe flots apporteront-ils jour manuscrit renferme toute l'histoire vie saurai-je enfin nom cet homme vaisseau disparu dira-t-il nationalité nationalité capitaine nemo l'espère j'espère également puissant appareil a vaincu mer gouffre plus terrible _nautilus_ a survécu là où tant navires péri s'il ainsi si capitaine nemo habite toujours cet océan patrie d'adoption puisse haine s'apaiser cœur farouche contemplation tant merveilles éteigne l'esprit vengeance justicier s'efface savant continue paisible exploration mers si destinée étrange sublime aussi l'ai-je compris moi-même n'ai-je vécu dix mois cette existence extra-naturelle aussi cette demande posée a six mille ans l'ecclésiaste « a jamais pu sonder profondeurs l'abîme » deux hommes entre tous hommes droit répondre maintenant capitaine nemo fin seconde partie table matières première partie pages
